time,sender_number,packets_received,packets_sent,packets_lost,sending_duration,total_delay
1.016134,0,74,85,0,164.431244,3750.500000
1.016134,1,35,37,0,169.250000,1770.500000
1.016134,2,31,35,0,386.332581,1565.500000
1.016134,3,26,32,0,150.927475,1314.500000
2.000424,0,266,282,0,410.503784,13575.754883
2.000424,1,82,85,0,415.322540,4145.000000
2.000424,2,105,107,0,632.405151,5333.524902
2.000424,3,386,419,0,397.000000,19697.000000
3.000424,0,684,709,0,660.503784,34898.253906
3.000424,1,205,211,0,665.322510,10381.450195
3.000424,2,155,159,0,882.405151,7904.024902
3.000424,3,1107,1153,0,647.000000,56255.500000
4.000424,0,1095,1113,0,910.503784,55835.253906
4.000424,1,324,329,0,915.322510,16429.451172
4.000424,2,312,319,0,1132.405151,15861.025391
4.000424,3,2106,2174,0,897.000000,107013.500000
5.000424,0,1379,1418,19,1160.503784,71315.257812
5.000424,1,443,463,6,1165.322510,22894.451172
5.000424,2,433,439,2,1382.405151,22408.025391
5.000424,3,3573,3846,156,1147.000000,186931.000000
6.000424,0,1515,1605,76,1410.503784,78843.257812
6.000424,1,604,646,37,1415.322510,31751.951172
6.000424,2,485,515,24,1632.405151,25281.525391
6.000424,3,5224,5967,633,1397.000000,277768.500000
7.000424,0,1660,1809,133,1660.503784,86842.757812
7.000424,1,649,692,41,1665.322510,34235.949219
7.000424,2,515,557,38,1882.405151,26940.525391
7.000424,3,7004,8023,907,1647.000000,375857.500000
8.000424,0,1997,2162,153,1910.503784,104349.757812
8.000424,1,659,703,41,1915.322510,34746.449219
8.000424,2,516,558,38,2132.405029,26996.025391
8.000424,3,8502,9534,960,1897.000000,454279.500000
9.000424,0,2297,2468,157,2160.503662,120276.257812
9.000424,1,703,753,43,2165.322510,37092.449219
9.000424,2,542,585,39,2382.405029,28369.025391
9.000424,3,10024,11168,1043,2147.000000,535090.500000
10.000424,0,2485,2661,165,2410.503662,130519.257812
10.000424,1,789,851,52,2415.322510,41782.449219
10.000424,2,591,638,42,2632.405029,31024.525391
10.000424,3,11701,12949,1151,2397.000000,626590.000000
11.000424,0,2698,2894,181,2660.503662,142169.250000
11.000424,1,1004,1096,71,2665.322510,53554.449219
11.000424,2,709,773,49,2882.405029,37475.523438
11.000424,3,13155,14444,1212,2647.000000,706155.000000
12.000424,0,2939,3137,186,2910.503662,154706.250000
12.000424,1,1190,1273,72,2915.322510,63233.449219
12.000424,2,914,984,58,3132.405029,48176.523438
12.000424,3,14347,15619,1226,2897.000000,768442.000000
13.000424,0,3236,3440,186,3160.503662,169800.250000
13.000424,1,1400,1483,72,3165.322510,73884.953125
13.000424,2,1168,1246,58,3382.405029,61080.523438
13.000424,3,15118,16373,1226,3147.000000,807496.000000
14.000424,0,3680,3883,186,3410.503662,192368.750000
14.000424,1,1625,1711,72,3415.322510,85308.953125
14.000424,2,1479,1550,58,3632.405029,76962.023438
14.000424,3,15668,16919,1227,3397.000000,835531.500000
15.001424,0,3945,4143,186,3660.753662,205889.250000
15.001424,1,1957,2060,72,3665.572510,102259.453125
15.001424,2,1616,1680,58,3882.655029,83889.023438
15.001424,3,16235,17486,1227,3647.250000,864378.000000
16.000424,0,4264,4467,186,3910.503662,222461.250000
16.000424,1,2895,3020,72,3915.322510,150572.453125
16.000424,2,1642,1705,58,4132.405273,85235.023438
16.000424,3,16607,17850,1227,3897.000000,883668.000000
17.000424,0,4715,4931,186,4160.503906,245628.750000
17.000424,1,3856,3981,73,4165.322754,199854.953125
17.000424,2,1680,1742,58,4382.405273,87186.523438
17.000424,3,16893,18129,1227,4147.000000,898347.000000
18.000424,0,5314,5593,228,4410.503906,277279.750000
18.000424,1,4984,5141,88,4415.322754,259194.453125
18.000424,2,1718,1780,58,4632.405273,89174.023438
18.000424,3,17027,18261,1229,4397.000000,905387.000000
19.000424,0,6029,6311,252,4660.503906,314767.750000
19.000424,1,6012,6181,115,4665.322754,313141.437500
19.000424,2,1761,1825,58,4882.405273,91413.023438
19.000424,3,17098,18339,1235,4647.000000,909061.000000
20.000424,0,6671,7007,296,4910.503906,349060.250000
20.000424,1,7129,7495,280,4915.322754,373224.437500
20.000424,2,1816,1883,60,5132.405273,94313.523438
20.000424,3,17206,18458,1245,4897.000000,914804.000000
21.000424,0,7366,7777,378,5160.503906,386949.750000
21.000424,1,8229,8794,490,5165.322754,433479.437500
21.000424,2,1935,2013,71,5382.405273,100794.523438
21.000424,3,17291,18543,1248,5147.000000,919441.500000
22.000424,0,7798,8201,385,5410.503906,410153.250000
22.000424,1,9634,10295,568,5415.322754,509126.437500
22.000424,2,2032,2118,75,5632.405273,105974.523438
22.000424,3,17356,18606,1248,5397.000000,922902.500000
23.000424,0,8313,8745,388,5660.503906,437478.750000
23.000424,1,10916,11564,591,5665.322754,577426.937500
23.000424,2,2212,2305,76,5882.405273,115600.523438
23.000424,3,17367,18619,1248,5647.000000,923491.000000
24.000424,0,9378,9867,422,5910.503906,494062.750000
24.000424,1,11593,12222,607,5915.322754,613726.937500
24.000424,2,2405,2503,83,6132.405273,125951.023438
24.000424,3,17414,18672,1249,5897.000000,925970.000000
25.000424,0,10105,10545,422,6160.503906,531233.250000
25.000424,1,12059,12706,607,6165.322754,637634.937500
25.000424,2,2620,2718,83,6382.405273,136871.031250
25.000424,3,17535,18795,1249,6147.000000,932170.000000
26.000424,0,10425,10863,422,6410.503906,547662.250000
26.000424,1,12815,13475,607,6415.322754,676224.437500
26.000424,2,2821,2922,83,6632.405273,147143.031250
26.000424,3,17866,19144,1249,6397.000000,949280.000000
27.000424,0,10759,11224,437,6660.503906,565580.750000
27.000424,1,13691,14396,643,6665.322754,723018.937500
27.000424,2,3034,3137,85,6882.405273,158571.031250
27.000424,3,18440,19762,1278,6647.000000,980017.500000
28.000424,0,11143,11949,768,6910.503906,586834.750000
28.000424,1,14636,15735,1039,6915.322754,774995.937500
28.000424,2,3179,3311,119,7132.405273,166568.031250
28.000424,3,18965,20561,1555,6897.000000,1009052.500000
29.000424,0,11599,12418,804,7160.503906,611238.750000
29.000424,1,15340,16477,1115,7165.322754,812686.437500
29.000424,2,3317,3471,143,7382.405273,173931.531250
29.000424,3,19568,21262,1658,7147.000000,1041065.500000
30.006424,0,11744,12551,804,7412.003906,618582.750000
30.006424,1,15612,16734,1115,7416.822754,826457.937500
30.006424,2,3559,3721,143,7633.905273,186203.031250
30.006424,3,20086,21767,1658,7398.500000,1067292.000000
31.002924,0,11790,12598,804,7661.128906,620911.750000
31.002924,1,15677,16797,1115,7665.947754,829755.437500
31.002924,2,3898,4058,143,7883.030273,203379.531250
31.002924,3,20414,22083,1658,7647.625000,1083926.000000
32.004924,0,11846,12652,804,7911.628906,623743.250000
32.004924,1,15731,16850,1115,7916.447754,832488.437500
32.004924,2,4292,4462,143,8133.530273,223333.531250
32.004924,3,20564,22234,1658,7898.125000,1091519.500000
33.000424,0,11890,12696,804,8160.503906,625995.750000
33.000424,1,15772,16892,1115,8165.322754,834600.437500
33.000424,2,4976,5184,143,8382.405273,258246.031250
33.000424,3,20693,22361,1658,8147.000000,1098052.500000
34.000424,0,11925,12730,804,8410.503906,627799.750000
34.000424,1,15806,16925,1115,8415.322266,836364.937500
34.000424,2,6412,6661,147,8632.405273,332419.531250
34.000424,3,20819,22486,1658,8397.000000,1104506.000000
35.000424,0,11957,12775,813,8660.503906,629569.250000
35.000424,1,15870,17042,1158,8665.322266,839903.437500
35.000424,2,8277,8815,419,8882.405273,434789.031250
35.000424,3,20858,22526,1665,8647.000000,1106647.000000
36.000424,0,12024,12845,820,8910.503906,633213.750000
36.000424,1,15930,17107,1173,8915.322266,843171.437500
36.000424,2,10139,10806,538,9132.405273,536685.000000
36.000424,3,20869,22545,1669,8897.000000,1107251.000000
37.000424,0,12051,12876,822,9160.503906,634675.750000
37.000424,1,15990,17176,1180,9165.322266,846415.937500
37.000424,2,12001,12897,811,9382.405273,637420.500000
37.000424,3,20901,22583,1678,9147.000000,1109003.000000
38.000924,0,12092,12916,822,9410.628906,636761.750000
38.000924,1,16054,17240,1180,9415.447266,849676.437500
38.000924,2,13391,14261,811,9632.530273,708092.500000
38.000924,3,20918,22603,1678,9397.125000,1109866.500000
39.000424,0,12127,12951,822,9660.503906,638534.750000
39.000424,1,16108,17293,1180,9665.322266,852405.437500
39.000424,2,14469,15336,811,9882.405273,762748.000000
39.000424,3,21018,22710,1678,9647.000000,1114950.000000
40.000424,0,12165,12990,822,9910.503906,640455.250000
40.000424,1,16161,17346,1180,9915.322266,855087.937500
40.000424,2,15274,16118,811,10132.405273,803498.000000
40.000424,3,21081,22769,1678,9897.000000,1118151.000000
41.001924,0,12207,13030,822,10160.878906,642585.750000
41.001924,1,16266,17458,1180,10165.697266,860406.437500
41.001924,2,15911,16755,811,10382.780273,835759.500000
41.001924,3,21208,22895,1678,10147.375000,1124597.000000
42.000424,0,12243,13067,822,10410.503906,644411.750000
42.000424,1,16421,17608,1180,10415.322266,868256.437500
42.000424,2,16632,17495,811,10632.405273,872518.500000
42.000424,3,21372,23062,1678,10397.000000,1132901.000000
43.000424,0,12277,13101,822,10660.503906,646137.250000
43.000424,1,16463,17647,1180,10665.322266,870390.437500
43.000424,2,17908,18805,811,10882.405273,937842.500000
43.000424,3,21578,23265,1678,10647.000000,1143447.500000
44.000424,0,12362,13209,837,10910.503906,650776.250000
44.000424,1,16521,17714,1186,10915.322266,873546.437500
44.000424,2,19687,20719,926,11132.405273,1033678.500000
44.000424,3,21618,23308,1683,10897.000000,1145587.000000
45.000424,0,12489,13336,840,11160.503906,657506.250000
45.000424,1,16549,17739,1187,11165.322266,875069.437500
45.000424,2,21423,22543,1046,11382.405273,1126596.500000
45.000424,3,21659,23350,1685,11147.000000,1147779.500000
46.000424,0,12639,13488,840,11410.503906,665131.250000
46.000424,1,16568,17761,1187,11415.322266,876037.437500
46.000424,2,22820,23932,1046,11632.405273,1197758.500000
46.000424,3,21717,23411,1685,11397.000000,1150731.500000
47.000424,0,12776,13622,840,11660.503906,672116.750000
47.000424,1,16613,17806,1187,11665.322266,878319.437500
47.000424,2,24105,25215,1046,11882.405273,1263084.500000
47.000424,3,21813,23506,1685,11647.000000,1155621.500000
48.000424,0,12936,13783,840,11910.503906,680275.750000
48.000424,1,16656,17850,1187,11915.322266,880507.437500
48.000424,2,25497,26628,1046,12132.405273,1334124.500000
48.000424,3,21947,23644,1685,11897.000000,1162460.000000
49.000424,0,13049,13895,841,12160.503906,686383.750000
49.000424,1,16692,17886,1188,12165.322266,882427.437500
49.000424,2,27218,28435,1114,12382.405273,1427113.000000
49.000424,3,22072,23768,1687,12147.000000,1169225.000000
50.000424,0,13152,14001,843,12410.503906,691786.750000
50.000424,1,16735,17928,1188,12415.322266,884680.937500
50.000424,2,28774,29967,1125,12632.405273,1508516.500000
50.000424,3,22196,23898,1693,12397.000000,1175725.500000
51.000424,0,13346,14203,843,12660.503906,701628.250000
51.000424,1,16792,17986,1188,12665.322266,887576.437500
51.000424,2,29930,31112,1125,12882.405273,1567223.500000
51.000424,3,22250,23948,1693,12647.000000,1178457.000000
52.000924,0,13509,14355,843,12910.628906,709887.750000
52.000924,1,16848,18042,1188,12915.447266,890407.437500
52.000924,2,31105,32297,1125,13132.530273,1626948.500000
52.000924,3,22309,24009,1693,12897.125000,1181445.000000
53.000424,0,13562,14412,843,13160.503906,712591.750000
53.000424,1,16904,18099,1188,13165.322266,893253.937500
53.000424,2,32516,33740,1125,13382.405273,1698824.000000
53.000424,3,22371,24072,1693,13147.000000,1184620.500000
54.000424,0,13671,14530,852,13410.503906,718531.250000
54.000424,1,16950,18145,1190,13415.322266,895748.937500
54.000424,2,34298,35610,1203,13632.405273,1795811.000000
54.000424,3,22434,24139,1697,13397.000000,1188048.500000
55.000424,0,13746,14599,852,13660.503906,722616.750000
55.000424,1,16953,18151,1191,13665.322266,895915.437500
55.000424,2,36161,37542,1268,13882.405273,1896937.500000
55.000424,3,22493,24202,1701,13647.000000,1191260.500000
56.000424,0,13820,14680,853,13910.503906,726523.750000
56.000424,1,16987,18185,1192,13915.322266,897721.937500
56.000424,2,37960,39391,1359,14132.405273,1993485.000000
56.000424,3,22529,24238,1702,13897.000000,1193189.000000
57.000424,0,13940,14800,853,14160.503906,732644.750000
57.000424,1,17021,18219,1192,14165.322266,899449.437500
57.000424,2,39057,40474,1359,14382.405273,2049201.500000
57.000424,3,22703,24425,1702,14147.000000,1202020.000000
58.000424,0,14221,15088,853,14410.503906,746942.750000
58.000424,1,17067,18268,1192,14415.322266,901827.437500
58.000424,2,40200,41631,1359,14632.405273,2108068.500000
58.000424,3,22934,24646,1702,14397.000000,1213743.500000
59.000424,0,14611,15502,863,14660.503906,767711.750000
59.000424,1,17246,18465,1197,14665.322266,911382.437500
59.000424,2,41531,42984,1372,14882.405273,2178643.000000
59.000424,3,22959,24666,1702,14647.000000,1215042.500000
60.000424,0,15065,15951,869,14910.503906,791650.750000
60.000424,1,17415,18631,1206,14915.322266,920303.937500
60.000424,2,42807,44282,1404,15132.405273,2245866.000000
60.000424,3,23000,24714,1702,14897.000000,1217151.000000
61.000424,0,15531,16433,869,15160.503906,815459.250000
61.000424,1,17545,18766,1206,15165.322266,926945.937500
61.000424,2,44031,45500,1404,15382.405273,2308428.500000
61.000424,3,23051,24759,1702,15147.000000,1219756.500000
62.000424,0,16166,17175,960,15410.503906,850127.250000
62.000424,1,17674,18893,1212,15415.322266,933904.937500
62.000424,2,45235,46810,1501,15632.405273,2374160.500000
62.000424,3,23079,24792,1705,15397.000000,1221287.500000
63.000424,0,16888,17915,992,15660.503906,888102.750000
63.000424,1,17709,18928,1212,15665.322266,935755.937500
63.000424,2,46300,47868,1515,15882.405273,2430268.000000
63.000424,3,23126,24839,1707,15647.000000,1223753.000000
64.000424,0,17326,18328,992,15910.503906,910344.750000
64.000424,1,17803,19021,1212,15915.322266,940546.437500
64.000424,2,47370,48961,1515,16132.405273,2484829.000000
64.000424,3,23190,24915,1707,15897.000000,1227033.000000
65.000424,0,17508,18519,994,16160.503906,919913.750000
65.000424,1,17835,19053,1212,16165.322266,942199.437500
65.000424,2,48760,50384,1540,16382.405273,2557495.500000
65.000424,3,23471,25207,1707,16147.000000,1241790.000000
66.000424,0,17796,18876,1059,16410.503906,935738.750000
66.000424,1,17838,19056,1212,16415.322266,942365.937500
66.000424,2,50057,51776,1648,16632.404297,2628651.000000
66.000424,3,23883,25666,1749,16397.000000,1264428.500000
67.000424,0,18051,19131,1067,16660.503906,949040.250000
67.000424,1,17870,19090,1212,16665.322266,944020.437500
67.000424,2,51182,52909,1669,16882.404297,2687158.500000
67.000424,3,24300,26072,1751,16647.000000,1286081.500000
68.000424,0,18417,19508,1067,16910.503906,967660.250000
68.000424,1,17917,19139,1212,16915.322266,946410.937500
68.000424,2,52217,53946,1669,17132.404297,2739939.000000
68.000424,3,24505,26268,1751,16897.000000,1296476.000000
69.000424,0,18816,19906,1067,17160.503906,988125.750000
69.000424,1,17982,19209,1212,17165.322266,949745.937500
69.000424,2,53370,55101,1669,17382.404297,2799190.000000
69.000424,3,24749,26524,1751,17147.000000,1309026.500000
70.000424,0,19146,20238,1076,17410.503906,1005909.250000
70.000424,1,18121,19341,1212,17415.322266,957263.437500
70.000424,2,54510,56267,1697,17632.404297,2860723.000000
70.000424,3,25133,26926,1767,17397.000000,1329735.500000
71.000424,0,19566,20675,1076,17660.503906,1027303.750000
71.000424,1,18162,19382,1212,17665.322266,959343.937500
71.000424,2,55625,57388,1697,17882.404297,2917661.500000
71.000424,3,25395,27177,1767,17647.000000,1343107.000000
72.000424,0,20095,21199,1084,17910.503906,1055460.750000
72.000424,1,18235,19460,1214,17915.322266,963196.937500
72.000424,2,56822,58594,1703,18132.404297,2981106.000000
72.000424,3,25582,27372,1777,17897.000000,1353074.000000
73.000424,0,20427,21525,1084,18160.503906,1072333.750000
73.000424,1,18327,19556,1214,18165.322266,967869.437500
73.000424,2,58020,59792,1703,18382.404297,3042094.500000
73.000424,3,25648,27432,1777,18147.000000,1356430.000000
74.000424,0,20744,21851,1084,18410.503906,1088456.750000
74.000424,1,18474,19696,1214,18415.322266,975364.437500
74.000424,2,59294,61069,1703,18632.404297,3107178.500000
74.000424,3,25710,27497,1777,18397.000000,1359583.500000
75.000424,0,21236,22349,1084,18660.503906,1113802.750000
75.000424,1,18512,19735,1214,18665.322266,977320.937500
75.000424,2,60618,62390,1703,18882.404297,3175490.500000
75.000424,3,25804,27590,1777,18647.000000,1364422.500000
76.000424,0,21701,22873,1135,18910.503906,1138969.250000
76.000424,1,18560,19792,1220,18915.322266,979931.937500
76.000424,2,61956,63867,1820,19132.404297,3247974.500000
76.000424,3,25946,27753,1792,18897.000000,1372133.000000
77.000424,0,22336,23664,1285,19160.503906,1173853.750000
77.000424,1,18601,19837,1227,19165.322266,982183.437500
77.000424,2,63183,65186,1937,19382.404297,3315352.500000
77.000424,3,26043,27878,1826,19147.000000,1377468.000000
78.000424,0,22992,24327,1311,19410.503906,1209162.750000
78.000424,1,18709,19949,1232,19415.322266,988032.937500
78.000424,2,64255,66263,1955,19632.404297,3373006.500000
78.000424,3,26199,28047,1833,19397.000000,1385782.000000
79.000424,0,23550,24893,1311,19660.503906,1237577.250000
79.000424,1,18740,19980,1232,19665.322266,989610.937500
79.000424,2,65229,67247,1955,19882.404297,3422724.500000
79.000424,3,26411,28253,1833,19647.000000,1396631.000000
80.000424,0,24162,25518,1313,19910.503906,1269272.250000
80.000424,1,18778,20019,1232,19915.322266,991562.937500
80.000424,2,66401,68429,1959,20132.404297,3483459.500000
80.000424,3,26470,28310,1833,19897.000000,1399644.500000
81.000424,0,24801,26146,1320,20160.503906,1303292.250000
81.000424,1,18878,20121,1233,20165.322266,996863.437500
81.000424,2,67636,69661,1963,20382.404297,3548867.000000
81.000424,3,26471,28311,1833,20147.000000,1399700.000000
82.000424,0,25175,26510,1320,20410.503906,1322375.750000
82.000424,1,18933,20173,1233,20415.322266,999680.437500
82.000424,2,68878,70913,1966,20632.404297,3612684.500000
82.000424,3,26595,28447,1833,20397.000000,1406036.500000
83.000424,0,25630,26987,1324,20660.503906,1346395.250000
83.000424,1,19035,20279,1233,20665.322266,1005059.937500
83.000424,2,70129,72168,1971,20882.404297,3678164.500000
83.000424,3,26734,28580,1835,20647.000000,1413328.500000
84.000424,0,26145,27490,1324,20910.503906,1372981.750000
84.000424,1,19110,20355,1233,20915.322266,1008934.437500
84.000424,2,71419,73462,1973,21132.404297,3744829.500000
84.000424,3,26790,28634,1835,20897.000000,1416222.000000
85.000424,0,26675,28050,1353,21160.503906,1401542.750000
85.000424,1,19240,20505,1246,21165.322266,1015959.937500
85.000424,2,72693,74778,2012,21382.404297,3813201.500000
85.000424,3,26838,28689,1839,21147.000000,1418811.000000
86.000424,0,27153,28536,1353,21410.503906,1426718.750000
86.000424,1,19348,20602,1246,21415.322266,1021646.937500
86.000424,2,74010,76109,2019,21632.404297,3882958.500000
86.000424,3,26924,28773,1840,21397.000000,1423344.500000
87.000424,0,27755,29209,1412,21660.503906,1459433.250000
87.000424,1,19383,20639,1249,21665.322266,1023537.937500
87.000424,2,75330,77456,2057,21882.404297,3954648.000000
87.000424,3,26963,28810,1840,21647.000000,1425463.000000
88.000424,0,28414,29865,1426,21910.503906,1494566.750000
88.000424,1,19428,20690,1251,21915.322266,1025918.437500
88.000424,2,76584,78722,2072,22132.404297,4021401.500000
88.000424,3,26969,28818,1840,21897.000000,1425770.500000
89.000424,0,28960,30485,1498,22160.503906,1523991.250000
89.000424,1,19491,20758,1257,22165.322266,1029274.437500
89.000424,2,77838,80016,2106,22382.404297,4088659.000000
89.000424,3,27081,29001,1893,22147.000000,1431790.500000
90.000424,0,29345,30899,1526,22410.503906,1545002.750000
90.000424,1,19532,20803,1261,22415.322266,1031505.437500
90.000424,2,79007,81216,2151,22632.404297,4152278.500000
90.000424,3,27486,29440,1927,22397.000000,1453890.500000
91.000424,0,29694,31237,1527,22660.503906,1562881.750000
91.000424,1,19592,20861,1261,22665.322266,1034574.937500
91.000424,2,80096,82304,2151,22882.404297,4208192.000000
91.000424,3,27854,29802,1927,22647.000000,1472729.500000
92.000424,0,29970,31512,1527,22910.503906,1576878.750000
92.000424,1,19660,20931,1261,22915.322266,1038037.437500
92.000424,2,81176,83389,2151,23132.404297,4263239.000000
92.000424,3,28060,30000,1927,22897.000000,1483196.500000
93.000924,0,30312,31864,1527,23160.628906,1594293.250000
93.000924,1,19726,20996,1261,23165.447266,1041402.937500
93.000924,2,82360,84565,2151,23382.529297,4323779.500000
93.000924,3,28196,30137,1927,23147.125000,1490118.500000
94.000424,0,30748,32303,1528,23410.503906,1616796.750000
94.000424,1,19765,21034,1261,23415.322266,1043426.437500
94.000424,2,83622,85874,2160,23632.404297,4389149.000000
94.000424,3,28302,30237,1927,23397.000000,1495534.500000
95.000424,0,31237,32861,1580,23660.503906,1643524.250000
95.000424,1,19806,21075,1262,23665.322266,1045666.437500
95.000424,2,85063,87403,2258,23882.404297,4467923.000000
95.000424,3,28331,30270,1930,23647.000000,1497109.500000
96.000424,0,31917,33551,1604,23910.503906,1679579.250000
96.000424,1,19839,21111,1262,23915.322266,1047412.937500
96.000424,2,86286,88669,2323,24132.404297,4533009.500000
96.000424,3,28338,30276,1930,23897.000000,1497494.000000
97.002424,0,32367,33988,1604,24161.003906,1702499.250000
97.002424,1,19967,21237,1262,24165.822266,1053938.500000
97.002424,2,87412,89790,2323,24382.904297,4590489.000000
97.002424,3,28416,30361,1930,24147.500000,1501462.000000
98.000424,0,32778,34406,1604,24410.503906,1723568.750000
98.000424,1,19999,21269,1262,24415.322266,1055569.500000
98.000424,2,88518,90910,2324,24632.404297,4647189.000000
98.000424,3,28569,30524,1930,24397.000000,1509325.000000
99.000424,0,33230,34872,1617,24660.503906,1747732.250000
99.000424,1,20041,21312,1262,24665.322266,1057794.000000
99.000424,2,89770,92191,2360,24882.404297,4714267.000000
99.000424,3,28799,30752,1940,24647.000000,1521738.500000
100.000424,0,33735,35384,1617,24910.503906,1773480.250000
100.000424,1,20080,21350,1262,24915.322266,1059774.500000
100.000424,2,90882,93305,2360,25132.404297,4770840.500000
100.000424,3,28837,30787,1940,24897.000000,1523666.500000
101.000424,0,34372,36021,1617,25160.503906,1806112.250000
101.000424,1,20123,21393,1262,25165.322266,1061968.500000
101.000424,2,91970,94389,2360,25382.404297,4826529.000000
101.000424,3,28919,30871,1940,25147.000000,1527879.000000
102.000424,0,34965,36605,1617,25410.503906,1836322.750000
102.000424,1,20150,21420,1262,25415.322266,1063352.500000
102.000424,2,93125,95553,2360,25632.404297,4885846.500000
102.000424,3,28966,30917,1940,25397.000000,1530275.500000
103.000424,0,35586,37288,1651,25660.503906,1869171.750000
103.000424,1,20175,21445,1262,25665.322266,1064654.500000
103.000424,2,94278,96716,2373,25882.404297,4946037.000000
103.000424,3,29021,30976,1943,25647.000000,1533164.500000
104.000924,0,36009,37667,1655,25910.628906,1891358.250000
104.000924,1,20224,21494,1262,25915.447266,1067173.000000
104.000924,2,95464,97919,2389,26132.529297,5007197.500000
104.000924,3,29111,31067,1944,25897.125000,1537826.000000
105.000424,0,36059,37717,1655,26160.503906,1893886.750000
105.000424,1,20270,21539,1262,26165.322266,1069502.000000
105.000424,2,96650,99105,2389,26382.404297,5067486.000000
105.000424,3,29162,31117,1944,26147.000000,1540415.500000
106.002924,0,36168,37827,1655,26411.128906,1899442.750000
106.002924,1,20313,21583,1262,26415.947266,1071713.500000
106.002924,2,97957,100419,2389,26633.029297,5134002.000000
106.002924,3,29219,31176,1944,26397.625000,1543340.500000
107.000424,0,36251,37913,1655,26660.503906,1903685.750000
107.000424,1,20406,21681,1262,26665.322266,1076474.500000
107.000424,2,99299,101767,2389,26882.404297,5202419.500000
107.000424,3,29287,31241,1944,26647.000000,1546828.500000
108.000424,0,36408,38073,1655,26910.503906,1911675.250000
108.000424,1,20492,21764,1262,26915.322266,1080853.000000
108.000424,2,100710,103176,2389,27132.404297,5274238.000000
108.000424,3,29346,31304,1944,26897.000000,1549839.500000
109.000424,0,36679,38385,1679,27160.503906,1926284.250000
109.000424,1,20554,21829,1267,27165.322266,1084163.000000
109.000424,2,102241,104762,2444,27382.404297,5356217.000000
109.000424,3,29456,31412,1945,27147.000000,1555692.000000
110.000424,0,37180,38891,1683,27410.503906,1953016.250000
110.000424,1,20616,21892,1268,27415.322266,1087477.500000
110.000424,2,103618,106137,2451,27632.404297,5429548.000000
110.000424,3,29510,31472,1949,27397.000000,1558558.000000
111.000424,0,37703,39404,1683,27660.503906,1980135.250000
111.000424,1,20653,21929,1268,27665.322266,1089399.000000
111.000424,2,104952,107481,2451,27882.404297,5498818.500000
111.000424,3,29573,31538,1949,27647.000000,1561831.000000
112.000424,0,37977,39674,1685,27910.503906,1994544.250000
112.000424,1,20731,22011,1269,27915.322266,1093519.000000
112.000424,2,106456,108992,2455,28132.404297,5577810.500000
112.000424,3,29692,31657,1949,27897.000000,1568096.000000
113.000424,0,38162,39856,1685,28160.503906,2004203.250000
113.000424,1,20791,22067,1269,28165.322266,1096672.000000
113.000424,2,108014,110552,2457,28382.404297,5658986.000000
113.000424,3,29848,31809,1949,28147.000000,1576271.500000
114.000424,0,38315,40011,1687,28410.503906,2012365.750000
114.000424,1,20830,22108,1270,28415.322266,1098772.000000
114.000424,2,109755,112355,2494,28632.404297,5752787.000000
114.000424,3,29885,31850,1952,28397.000000,1578233.500000
115.000424,0,38473,40217,1728,28660.503906,2021062.750000
115.000424,1,20903,22202,1288,28665.322266,1102747.000000
115.000424,2,111409,114195,2703,28882.404297,5843676.500000
115.000424,3,30000,31994,1975,28647.000000,1584514.500000
116.000424,0,38790,40577,1764,28910.503906,2038479.250000
116.000424,1,20979,22290,1295,28915.322266,1106913.500000
116.000424,2,112786,115627,2767,29132.404297,5918995.500000
116.000424,3,30230,32261,2004,28897.000000,1597123.000000
117.000424,0,39224,41021,1767,29160.503906,2061216.250000
117.000424,1,21054,22360,1298,29165.322266,1110921.000000
117.000424,2,114028,116869,2779,29382.404297,5984536.000000
117.000424,3,30405,32431,2013,29147.000000,1606429.000000
118.000424,0,39681,41463,1767,29410.503906,2084453.250000
118.000424,1,21101,22416,1298,29415.322266,1113311.000000
118.000424,2,115146,117981,2779,29632.404297,6041420.500000
118.000424,3,30466,32490,2013,29397.000000,1609528.500000
119.000424,0,40022,41804,1767,29660.503906,2101814.250000
119.000424,1,21307,22617,1298,29665.322266,1123857.500000
119.000424,2,116332,119179,2779,29882.404297,6101902.000000
119.000424,3,30509,32533,2013,29647.000000,1611731.000000
120.000424,0,40360,42143,1767,29910.503906,2119030.750000
120.000424,1,21409,22715,1298,29915.322266,1129046.500000
120.000424,2,117679,120528,2779,30132.404297,6170545.000000
120.000424,3,30558,32581,2013,29897.000000,1614222.500000
121.000424,0,40786,42586,1770,30160.503906,2141420.750000
121.000424,1,21545,22859,1299,30165.322266,1136189.000000
121.000424,2,119033,121882,2779,30382.404297,6241473.500000
121.000424,3,30575,32597,2013,30147.000000,1615105.000000
122.000424,0,41422,43255,1803,30410.503906,2176054.250000
122.000424,1,21642,22954,1301,30415.322266,1141455.000000
122.000424,2,120300,123209,2840,30632.404297,6310596.000000
122.000424,3,30575,32598,2013,30397.000000,1615105.000000
123.000424,0,42006,43840,1803,30660.503906,2205850.250000
123.000424,1,21775,23091,1301,30665.322266,1148234.000000
123.000424,2,121409,124314,2840,30882.404297,6367181.500000
123.000424,3,30589,32613,2013,30647.000000,1615823.000000
124.000424,0,42744,44619,1831,30910.503906,2244990.250000
124.000424,1,21859,23168,1302,30915.322266,1152642.000000
124.000424,2,122530,125476,2876,31132.404297,6426752.500000
124.000424,3,30619,32646,2014,30897.000000,1617405.500000
125.000424,0,43475,45353,1848,31160.503906,2283632.250000
125.000424,1,21903,23212,1302,31165.322266,1154958.000000
125.000424,2,123694,126631,2878,31382.404297,6487924.500000
125.000424,3,30622,32651,2014,31147.000000,1617559.000000
126.000424,0,44085,45959,1849,31410.503906,2314841.250000
126.000424,1,21953,23262,1302,31415.322266,1157534.500000
126.000424,2,124829,127781,2879,31632.404297,6546410.000000
126.000424,3,30666,32695,2014,31397.000000,1619829.000000
127.000424,0,44450,46315,1849,31660.503906,2333511.250000
127.000424,1,21997,23312,1302,31665.322266,1159778.000000
127.000424,2,126022,128966,2879,31882.404297,6607211.000000
127.000424,3,30792,32828,2014,31647.000000,1626234.000000
128.000424,0,44979,46855,1849,31910.503906,2360771.250000
128.000424,1,22080,23390,1302,31915.322266,1164020.500000
128.000424,2,127146,130084,2879,32132.404297,6665162.500000
128.000424,3,30978,33012,2014,31897.000000,1635808.500000
129.000424,0,45687,47725,1977,32160.503906,2399143.750000
129.000424,1,22118,23436,1310,32165.322266,1166046.500000
129.000424,2,128237,131221,2916,32382.404297,6724055.000000
129.000424,3,31118,33190,2048,32147.000000,1643384.000000
130.000424,0,46485,48664,2140,32410.503906,2442112.250000
130.000424,1,22155,23476,1311,32415.322266,1168011.500000
130.000424,2,129265,132287,2966,32632.404297,6779142.500000
130.000424,3,31233,33318,2071,32397.000000,1649630.500000
131.001424,0,47061,49216,2140,32660.753906,2471501.750000
131.001424,1,22216,23538,1311,32665.572266,1171133.000000
131.001424,2,130348,133375,2966,32882.656250,6834467.000000
131.001424,3,31281,33367,2071,32647.250000,1652085.000000
132.000424,0,47486,49658,2140,32910.503906,2493163.250000
132.000424,1,22326,23647,1311,32915.324219,1176746.500000
132.000424,2,131543,134580,2966,33132.406250,6895732.000000
132.000424,3,31321,33409,2071,32897.000000,1654144.500000
133.000424,0,47918,50078,2140,33160.503906,2515490.250000
133.000424,1,22370,23688,1311,33165.324219,1179023.500000
133.000424,2,132908,135952,2966,33382.406250,6966245.000000
133.000424,3,31406,33495,2071,33147.000000,1658550.000000
134.000424,0,48318,50513,2162,33410.503906,2536767.750000
134.000424,1,22409,23728,1311,33415.324219,1181101.500000
134.000424,2,134330,137398,2988,33632.406250,7041643.000000
134.000424,3,31507,33602,2075,33397.000000,1663897.500000
135.000424,0,48893,51207,2284,33660.503906,2568355.750000
135.000424,1,22479,23810,1315,33665.324219,1184930.500000
135.000424,2,135549,138656,3042,33882.406250,7108159.500000
135.000424,3,31643,33750,2083,33647.000000,1671304.500000
136.000424,0,49371,51689,2293,33910.503906,2594271.250000
136.000424,1,22697,24042,1321,33915.324219,1196729.000000
136.000424,2,136651,139769,3052,34132.406250,7167717.500000
136.000424,3,31845,33949,2083,33897.000000,1682214.000000
137.000424,0,49931,52265,2298,34160.503906,2623243.750000
137.000424,1,22868,24209,1321,34165.324219,1205699.500000
137.000424,2,137727,140847,3057,34382.406250,7223887.000000
137.000424,3,31934,34035,2085,34147.000000,1686891.500000
138.000424,0,50541,52883,2309,34410.503906,2655278.250000
138.000424,1,23080,24419,1324,34415.324219,1216889.000000
138.000424,2,138819,141947,3070,34632.406250,7281289.000000
138.000424,3,31977,34077,2085,34397.000000,1689171.500000
139.000424,0,50982,53317,2309,34660.503906,2677790.750000
139.000424,1,23361,24696,1324,34665.324219,1231204.000000
139.000424,2,139934,143069,3070,34882.406250,7338536.000000
139.000424,3,32026,34127,2085,34647.000000,1691681.500000
140.000424,0,51508,53851,2309,34910.503906,2704861.250000
140.000424,1,23429,24763,1324,34915.324219,1234702.000000
140.000424,2,141187,144326,3070,35132.406250,7403079.500000
140.000424,3,32119,34218,2085,34897.000000,1696467.000000
141.000424,0,52227,54604,2337,35160.503906,2743332.250000
141.000424,1,23494,24825,1324,35165.324219,1238161.500000
141.000424,2,142351,145498,3078,35382.406250,7465536.500000
141.000424,3,32163,34264,2086,35147.000000,1698836.000000
142.000424,0,52736,55095,2337,35410.503906,2769818.750000
142.000424,1,23565,24902,1324,35415.324219,1241809.000000
142.000424,2,143613,146758,3079,35632.406250,7530892.000000
142.000424,3,32208,34308,2086,35397.000000,1701183.000000
143.000424,0,53430,55898,2422,35660.503906,2807349.750000
143.000424,1,23658,24997,1328,35665.324219,1246763.000000
143.000424,2,144765,147981,3143,35882.406250,7593120.500000
143.000424,3,32250,34353,2088,35647.000000,1703443.500000
144.000424,0,54062,56546,2455,35910.503906,2841047.750000
144.000424,1,23745,25091,1335,35915.324219,1251339.500000
144.000424,2,145963,149200,3178,36132.406250,7656728.000000
144.000424,3,32261,34366,2088,35897.000000,1704004.000000
145.000424,0,54583,57062,2455,36160.503906,2867503.250000
145.000424,1,23783,25126,1335,36165.324219,1253274.500000
145.000424,2,147117,150360,3178,36382.406250,7715694.000000
145.000424,3,32327,34434,2088,36147.000000,1707369.000000
146.000424,0,55091,57587,2466,36410.503906,2894041.250000
146.000424,1,23837,25182,1335,36415.324219,1256068.000000
146.000424,2,148400,151665,3186,36632.406250,7782672.000000
146.000424,3,32370,34478,2089,36397.000000,1709610.000000
147.000424,0,55630,58185,2531,36660.503906,2922783.750000
147.000424,1,23874,25220,1337,36665.324219,1258058.000000
147.000424,2,149700,152968,3202,36882.406250,7851597.000000
147.000424,3,32441,34551,2094,36647.000000,1713416.500000
148.000424,0,56090,58652,2531,36910.503906,2946430.250000
148.000424,1,23946,25292,1337,36915.324219,1261751.500000
148.000424,2,151030,154305,3202,37132.406250,7919947.500000
148.000424,3,32485,34600,2094,36897.000000,1715681.000000
149.000424,0,56539,59104,2531,37160.503906,2970039.250000
149.000424,1,23990,25336,1337,37165.324219,1264071.500000
149.000424,2,152418,155699,3205,37382.406250,7992858.000000
149.000424,3,32588,34698,2094,37147.000000,1721052.000000
150.000424,0,57014,59572,2531,37410.503906,2994698.250000
150.000424,1,24029,25374,1337,37415.324219,1266095.500000
150.000424,2,153811,157099,3207,37632.406250,8064999.500000
150.000424,3,32625,34736,2095,37397.000000,1722967.500000
151.000424,0,57430,59984,2531,37660.503906,3016421.750000
151.000424,1,24121,25471,1337,37665.324219,1270897.500000
151.000424,2,155231,158514,3208,37882.406250,8138990.000000
151.000424,3,32660,34772,2095,37647.000000,1724783.000000
152.000424,0,57915,60485,2548,37910.503906,3042188.750000
152.000424,1,24216,25566,1337,37915.324219,1275926.000000
152.000424,2,156601,159900,3224,38132.406250,8211492.500000
152.000424,3,32698,34810,2095,37897.000000,1726790.000000
153.000424,0,58380,61015,2603,38160.503906,3067501.250000
153.000424,1,24447,25808,1340,38165.324219,1288457.000000
153.000424,2,157862,161218,3283,38382.406250,8279881.500000
153.000424,3,32740,34856,2099,38147.000000,1729071.500000
154.000424,0,58917,61553,2610,38410.503906,3095481.750000
154.000424,1,24591,25946,1341,38415.324219,1296000.500000
154.000424,2,159080,162442,3298,38632.406250,8343521.000000
154.000424,3,32791,34909,2099,38397.000000,1731709.500000
155.000424,0,59380,62015,2610,38660.503906,3119332.750000
155.000424,1,24740,26092,1341,38665.324219,1303669.500000
155.000424,2,160378,163752,3298,38882.406250,8410451.000000
155.000424,3,32836,34951,2099,38647.000000,1734029.500000
156.000424,0,59893,62552,2623,38910.503906,3146619.750000
156.000424,1,24844,26205,1347,38915.324219,1309152.500000
156.000424,2,161695,165083,3318,39132.406250,8480072.000000
156.000424,3,32884,35005,2101,38897.000000,1736599.500000
157.000424,0,60425,63087,2634,39160.503906,3174493.750000
157.000424,1,24976,26338,1349,39165.324219,1316082.500000
157.000424,2,162859,166245,3323,39382.406250,8541017.000000
157.000424,3,33014,35143,2105,39147.000000,1743319.000000
158.000424,0,60922,63586,2638,39410.503906,3200855.250000
158.000424,1,25171,26548,1356,39415.324219,1326458.500000
158.000424,2,163992,167383,3327,39632.406250,8601188.000000
158.000424,3,33184,35319,2109,39397.000000,1752339.500000
159.000424,0,61602,64317,2687,39660.503906,3237852.750000
159.000424,1,25285,26652,1360,39665.324219,1332625.000000
159.000424,2,165037,168497,3396,39882.406250,8658179.000000
159.000424,3,33345,35486,2115,39647.000000,1761093.000000
160.000424,0,62001,64707,2687,39910.503906,3258263.250000
160.000424,1,25410,26791,1360,39915.324219,1339055.500000
160.000424,2,166157,169615,3396,40132.406250,8715507.000000
160.000424,3,33539,35681,2115,39897.000000,1771000.000000
161.000424,0,62530,65253,2697,40160.503906,3286680.250000
161.000424,1,25623,27008,1371,40165.324219,1350532.500000
161.000424,2,167201,170727,3470,40382.406250,8771738.000000
161.000424,3,33740,35893,2128,40147.000000,1781842.500000
162.000424,0,62940,65650,2697,40410.503906,3307595.250000
162.000424,1,25725,27108,1371,40415.324219,1355738.000000
162.000424,2,168322,171852,3470,40632.406250,8828890.000000
162.000424,3,33811,35956,2128,40397.000000,1785461.000000
163.000424,0,63331,66057,2697,40660.503906,3327549.250000
163.000424,1,25819,27197,1371,40665.324219,1360511.000000
163.000424,2,169413,172945,3470,40882.406250,8884344.000000
163.000424,3,33846,35991,2128,40647.000000,1787242.500000
164.000424,0,63817,66535,2697,40910.503906,3352233.250000
164.000424,1,25888,27272,1371,40915.324219,1364023.500000
164.000424,2,170576,174115,3470,41132.406250,8943860.000000
164.000424,3,33880,36025,2128,40897.000000,1788976.500000
165.000424,0,64349,67077,2697,41160.503906,3379652.750000
165.000424,1,26010,27393,1371,41165.324219,1370289.500000
165.000424,2,171800,175334,3470,41382.406250,9006703.000000
165.000424,3,33914,36061,2128,41147.000000,1790728.500000
166.000424,0,64888,67611,2697,41410.503906,3407279.750000
166.000424,1,26074,27454,1371,41415.324219,1373566.500000
166.000424,2,172995,176532,3471,41632.406250,9068028.000000
166.000424,3,33964,36110,2128,41397.000000,1793288.500000
167.000424,0,65210,67923,2697,41660.503906,3423603.250000
167.000424,1,26133,27512,1371,41665.324219,1376563.500000
167.000424,2,174197,177733,3471,41882.406250,9129118.000000
167.000424,3,33998,36144,2128,41647.000000,1795007.000000
168.000424,0,65508,68229,2697,41910.503906,3438809.250000
168.000424,1,26211,27593,1371,41915.324219,1380517.500000
168.000424,2,175469,179008,3471,42132.406250,9193933.000000
168.000424,3,34068,36214,2128,41897.000000,1798573.500000
169.000424,0,66039,68796,2715,42160.503906,3466768.750000
169.000424,1,26323,27709,1371,42165.324219,1386405.000000
169.000424,2,176731,180297,3488,42382.406250,9260275.000000
169.000424,3,34096,36244,2129,42147.000000,1800061.000000
170.000424,0,66644,69449,2774,42410.503906,3499990.250000
170.000424,1,26483,27896,1394,42415.324219,1395218.500000
170.000424,2,177818,181512,3632,42632.406250,9320249.000000
170.000424,3,34244,36430,2151,42397.000000,1808198.500000
171.000424,0,67000,69874,2850,42660.503906,3519507.750000
171.000424,1,26724,28156,1420,42665.324219,1408459.500000
171.000424,2,178781,182562,3723,42882.406250,9373274.000000
171.000424,3,34684,36927,2208,42647.000000,1832343.500000
172.000424,0,67439,70304,2852,42910.503906,3542810.250000
172.000424,1,26774,28201,1420,42915.324219,1411101.500000
172.000424,2,179836,183619,3728,43132.406250,9429114.000000
172.000424,3,35081,37325,2211,42897.000000,1853309.000000
173.000424,0,67822,70705,2852,43160.503906,3562365.250000
173.000424,1,26834,28263,1420,43165.324219,1414155.500000
173.000424,2,180815,184602,3728,43382.406250,9478839.000000
173.000424,3,35272,37503,2211,43147.000000,1863036.500000
174.000424,0,68419,71307,2853,43410.503906,3593068.250000
174.000424,1,26893,28323,1420,43415.324219,1417166.500000
174.000424,2,181938,185727,3728,43632.406250,9536308.000000
174.000424,3,35317,37548,2211,43397.000000,1865347.500000
175.000424,0,68960,71830,2853,43660.503906,3620648.250000
175.000424,1,26954,28383,1420,43665.324219,1420292.500000
175.000424,2,183057,186848,3728,43882.406250,9593269.000000
175.000424,3,35392,37619,2211,43647.000000,1869158.000000
176.000424,0,69575,72480,2861,43910.503906,3652961.250000
176.000424,1,27030,28462,1421,43915.324219,1424266.000000
176.000424,2,184175,187989,3747,44132.406250,9651653.000000
176.000424,3,35429,37658,2212,43897.000000,1871110.500000
177.000424,0,70141,73032,2864,44160.503906,3682119.250000
177.000424,1,27141,28573,1422,44165.324219,1429958.000000
177.000424,2,185306,189116,3748,44382.406250,9709761.000000
177.000424,3,35457,37687,2212,44147.000000,1872547.000000
178.000424,0,70700,73590,2864,44410.503906,3710775.250000
178.000424,1,27182,28612,1422,44415.324219,1432076.000000
178.000424,2,186476,190284,3748,44632.406250,9769948.000000
178.000424,3,35531,37760,2212,44397.000000,1876358.500000
179.000424,0,71216,74104,2864,44660.503906,3737029.750000
179.000424,1,27232,28663,1422,44665.324219,1434631.500000
179.000424,2,187695,191511,3748,44882.406250,9832086.000000
179.000424,3,35570,37799,2212,44647.000000,1878340.500000
180.000424,0,71692,74581,2864,44910.503906,3761385.250000
180.000424,1,27274,28708,1422,44915.324219,1436784.500000
180.000424,2,188988,192808,3748,45132.406250,9898177.000000
180.000424,3,35633,37862,2212,44897.000000,1881571.500000
181.000424,0,72124,75005,2864,45160.503906,3783477.750000
181.000424,1,27356,28785,1422,45165.324219,1440978.000000
181.000424,2,190227,194046,3748,45382.406250,9961614.000000
181.000424,3,35679,37913,2212,45147.000000,1883920.500000
182.000424,0,72406,75290,2866,45410.503906,3798324.250000
182.000424,1,27428,28859,1423,45415.324219,1444776.500000
182.000424,2,191611,195456,3761,45632.406250,10034407.000000
182.000424,3,35899,38145,2216,45397.000000,1895527.000000
183.000424,0,72802,75697,2875,45660.503906,3819707.250000
183.000424,1,27475,28908,1423,45665.324219,1447312.000000
183.000424,2,192847,196737,3821,45882.406250,10101350.000000
183.000424,3,36220,38472,2219,45647.000000,1912905.500000
184.000424,0,73276,76185,2877,45910.503906,3844728.750000
184.000424,1,27510,28941,1423,45915.324219,1449152.000000
184.000424,2,194063,197953,3821,46132.406250,10165564.000000
184.000424,3,36485,38731,2219,45897.000000,1926956.500000
185.000424,0,73757,76668,2892,46160.503906,3870632.250000
185.000424,1,27598,29030,1423,46165.324219,1453854.500000
185.000424,2,195281,199191,3844,46382.406250,10230757.000000
185.000424,3,36685,38927,2221,46147.000000,1937717.000000
186.000424,0,74295,77238,2909,46410.503906,3899002.250000
186.000424,1,27635,29067,1423,46415.324219,1455811.000000
186.000424,2,196447,200385,3870,46632.406250,10292490.000000
186.000424,3,36899,39160,2228,46397.000000,1949148.500000
187.000424,0,74798,77776,2955,46660.503906,3926050.250000
187.000424,1,27724,29160,1425,46665.324219,1460584.000000
187.000424,2,197601,201549,3885,46882.406250,10354072.000000
187.000424,3,37122,39382,2237,46647.000000,1961177.500000
188.000424,0,75421,78409,2955,46910.503906,3958457.250000
188.000424,1,27763,29196,1425,46915.324219,1462616.500000
188.000424,2,198757,202704,3885,47132.406250,10414204.000000
188.000424,3,37239,39494,2237,46897.000000,1967305.500000
189.000424,0,75873,78845,2955,47160.503906,3981445.750000
189.000424,1,27839,29272,1425,47165.324219,1466481.500000
189.000424,2,199907,203854,3885,47382.406250,10472686.000000
189.000424,3,37284,39539,2237,47147.000000,1969583.000000
190.000424,0,76294,79283,2955,47410.503906,4002903.750000
190.000424,1,27879,29312,1425,47415.324219,1468516.000000
190.000424,2,201100,205047,3885,47632.406250,10533410.000000
190.000424,3,37318,39571,2237,47397.000000,1971315.500000
191.000424,0,76977,79970,2964,47660.503906,4039015.250000
191.000424,1,27930,29363,1425,47665.324219,1471215.500000
191.000424,2,202297,206254,3888,47882.406250,10596651.000000
191.000424,3,37374,39633,2237,47647.000000,1974269.500000
192.000424,0,77515,80526,2971,47910.503906,4067140.250000
192.000424,1,27980,29412,1425,47915.324219,1473846.000000
192.000424,2,203535,207511,3900,48132.406250,10661379.000000
192.000424,3,37498,39755,2238,47897.000000,1980723.000000
193.000424,0,78180,81223,3000,48160.503906,4103320.750000
193.000424,1,28013,29451,1428,48165.324219,1475640.500000
193.000424,2,204741,208757,3945,48382.406250,10727095.000000
193.000424,3,37594,39866,2251,48147.000000,1985958.500000
194.000424,0,78752,81790,3006,48410.503906,4133789.250000
194.000424,1,28053,29495,1429,48415.324219,1477798.500000
194.000424,2,205923,209959,3972,48632.406250,10790530.000000
194.000424,3,37796,40084,2257,48397.000000,1996779.000000
195.000424,0,79307,82373,3034,48660.503906,4163733.750000
195.000424,1,28119,29561,1432,48665.324219,1481348.500000
195.000424,2,207077,211138,3995,48882.406250,10852969.000000
195.000424,3,38020,40322,2268,48647.000000,2008839.000000
196.000424,0,79771,82912,3097,48910.503906,4189259.250000
196.000424,1,28185,29638,1442,48915.324219,1484972.500000
196.000424,2,208197,212338,4072,49132.406250,10914463.000000
196.000424,3,38370,40692,2297,48897.000000,2028061.000000
197.000424,0,80307,83475,3152,49160.503906,4218265.000000
197.000424,1,28284,29749,1449,49165.324219,1490254.000000
197.000424,2,209327,213497,4103,49382.406250,10975174.000000
197.000424,3,38573,40898,2305,49147.000000,2038932.500000
198.000424,0,80528,83696,3152,49410.503906,4229495.000000
198.000424,1,28349,29806,1449,49415.324219,1493569.500000
198.000424,2,210517,214683,4103,49632.406250,11035648.000000
198.000424,3,38620,40942,2305,49397.000000,2041309.000000
199.000424,0,80879,84058,3152,49660.503906,4247362.000000
199.000424,1,28410,29869,1449,49665.324219,1496675.000000
199.000424,2,211712,215882,4103,49882.406250,11096401.000000
199.000424,3,38724,41050,2305,49647.000000,2046623.500000
200.000424,0,81379,84555,3152,49910.503906,4273057.500000
200.000424,1,28478,29938,1449,49915.324219,1500182.000000
200.000424,2,212928,217099,4103,50132.406250,11158652.000000
200.000424,3,38811,41135,2305,49897.000000,2051087.000000
201.000424,0,81929,85114,3158,50160.503906,4302097.500000
201.000424,1,28576,30037,1452,50165.324219,1505362.000000
201.000424,2,214170,218363,4117,50382.406250,11224423.000000
201.000424,3,38871,41203,2308,50147.000000,2054292.000000
202.000424,0,82336,85514,3159,50410.503906,4323185.000000
202.000424,1,28670,30135,1452,50415.324219,1510218.500000
202.000424,2,215420,219606,4119,50632.406250,11288916.000000
202.000424,3,39046,41376,2308,50397.000000,2063303.500000
203.000424,0,82688,85862,3159,50660.503906,4341151.000000
203.000424,1,28750,30210,1452,50665.324219,1514308.000000
203.000424,2,216679,220862,4119,50882.406250,11353323.000000
203.000424,3,39261,41599,2308,50647.000000,2074303.500000
204.000424,0,83239,86428,3161,50910.503906,4370220.000000
204.000424,1,28781,30241,1452,50915.324219,1515928.500000
204.000424,2,217903,222099,4124,51132.406250,11417509.000000
204.000424,3,39424,41752,2309,50897.000000,2082795.500000
205.000424,0,83771,86961,3161,51160.503906,4398166.000000
205.000424,1,28849,30309,1452,51165.324219,1519494.500000
205.000424,2,219180,223374,4126,51382.406250,11484646.000000
205.000424,3,39521,41853,2311,51147.000000,2087903.000000
206.000424,0,84410,87660,3209,51410.503906,4432951.000000
206.000424,1,28906,30378,1457,51415.324219,1522578.000000
206.000424,2,220352,224609,4187,51632.406250,11548254.000000
206.000424,3,39653,42006,2331,51397.000000,2095094.000000
207.000424,0,84823,88059,3216,51660.503906,4454511.500000
207.000424,1,29026,30497,1460,51665.324219,1528851.500000
207.000424,2,221564,225827,4197,51882.406250,11611433.000000
207.000424,3,39770,42133,2337,51647.000000,2101180.500000
208.000424,0,85377,88631,3223,51910.503906,4484199.000000
208.000424,1,29155,30627,1464,51915.324219,1535722.000000
208.000424,2,222713,226983,4208,52132.406250,11672714.000000
208.000424,3,39920,42279,2340,51897.000000,2109240.500000
209.000424,0,85856,89098,3223,52160.503906,4508535.000000
209.000424,1,29201,30674,1464,52165.324219,1538065.500000
209.000424,2,223854,228130,4208,52382.406250,11730864.000000
209.000424,3,40058,42420,2340,52147.000000,2116272.000000
210.000424,0,86421,89678,3223,52410.503906,4537389.500000
210.000424,1,29245,30719,1464,52415.324219,1540315.500000
210.000424,2,225007,229274,4208,52632.406250,11789552.000000
210.000424,3,40139,42496,2340,52397.000000,2120421.000000
211.000424,0,87000,90259,3223,52660.503906,4567060.500000
211.000424,1,29316,30791,1464,52665.324219,1543950.500000
211.000424,2,226152,230425,4208,52882.406250,11848293.000000
211.000424,3,40175,42532,2340,52647.000000,2122266.500000
212.000424,0,87722,90987,3236,52910.503906,4605411.000000
212.000424,1,29390,30868,1467,52915.324219,1547885.500000
212.000424,2,227303,231587,4215,53132.406250,11909410.000000
212.000424,3,40213,42569,2340,52897.000000,2124266.500000
213.000424,0,88310,91582,3252,53160.503906,4636432.000000
213.000424,1,29531,31009,1469,53165.324219,1555381.000000
213.000424,2,228456,232750,4228,53382.406250,11970026.000000
213.000424,3,40250,42610,2341,53147.000000,2126190.500000
214.000424,0,88704,91986,3252,53410.503906,4656534.000000
214.000424,1,29574,31051,1469,53415.324219,1557576.500000
214.000424,2,229657,233945,4228,53632.406250,12031200.000000
214.000424,3,40329,42687,2341,53397.000000,2130219.500000
215.000424,0,89365,92678,3283,53660.503906,4691894.500000
215.000424,1,29601,31086,1471,53665.324219,1559013.000000
215.000424,2,230825,235136,4250,53882.406250,12093631.000000
215.000424,3,40442,42804,2343,53647.000000,2136284.000000
216.000424,0,89945,93263,3286,53910.503906,4722470.000000
216.000424,1,29743,31225,1471,53915.324219,1566497.500000
216.000424,2,231970,236303,4262,54132.406250,12154243.000000
216.000424,3,40528,42889,2344,53897.000000,2140834.500000
217.000424,0,90643,93980,3297,54160.503906,4759665.500000
217.000424,1,29794,31274,1471,54165.324219,1569198.000000
217.000424,2,233150,237481,4264,54382.406250,12217150.000000
217.000424,3,40592,42954,2345,54147.000000,2144234.000000
218.000424,0,91233,94562,3305,54410.503906,4790850.500000
218.000424,1,29904,31390,1473,54415.324219,1575018.000000
218.000424,2,234354,238702,4277,54632.406250,12280748.000000
218.000424,3,40642,43010,2348,54397.000000,2146871.500000
219.000424,0,91768,95181,3375,54660.503906,4819710.500000
219.000424,1,30047,31544,1481,54665.324219,1582730.500000
219.000424,2,235582,239969,4310,54882.406250,12346997.000000
219.000424,3,40729,43108,2361,54647.000000,2151564.500000
220.000424,0,92258,95680,3399,54910.503906,4845621.500000
220.000424,1,30171,31685,1498,54915.324219,1589303.000000
220.000424,2,236813,241214,4334,55132.406250,12411666.000000
220.000424,3,40775,43159,2362,54897.000000,2153942.500000
221.000424,0,92889,96340,3421,55160.503906,4879612.000000
221.000424,1,30401,31938,1523,55165.324219,1601761.000000
221.000424,2,237884,242326,4371,55382.406250,12469280.000000
221.000424,3,40836,43220,2366,55147.000000,2157216.000000
222.000424,0,93478,96941,3423,55410.503906,4910410.000000
222.000424,1,30473,32003,1523,55415.324219,1605543.500000
222.000424,2,239108,243553,4371,55632.406250,12533318.000000
222.000424,3,40902,43287,2366,55397.000000,2160664.000000
223.000424,0,94070,97521,3428,55660.503906,4941372.500000
223.000424,1,30502,32033,1523,55665.324219,1607058.000000
223.000424,2,240307,244758,4384,55882.406250,12595891.000000
223.000424,3,40949,43332,2366,55647.000000,2163124.000000
224.000424,0,94651,98117,3430,55910.503906,4971710.000000
224.000424,1,30539,32071,1523,55915.324219,1608978.000000
224.000424,2,241524,245984,4387,56132.406250,12659321.000000
224.000424,3,41038,43423,2366,55897.000000,2167782.000000
225.000424,0,95291,98758,3434,56160.503906,5005022.500000
225.000424,1,30588,32120,1523,56165.324219,1611526.500000
225.000424,2,242747,247209,4387,56382.406250,12722977.000000
225.000424,3,41083,43468,2366,56147.000000,2170124.000000
226.000424,0,95867,99342,3456,56410.503906,5035799.000000
226.000424,1,30652,32183,1523,56415.324219,1614941.000000
226.000424,2,244004,248472,4402,56632.406250,12790082.000000
226.000424,3,41146,43528,2366,56397.000000,2173513.500000
227.000424,0,96421,99912,3456,56660.503906,5064717.500000
227.000424,1,30749,32281,1523,56665.324219,1619940.500000
227.000424,2,245180,249650,4403,56882.406250,12851196.000000
227.000424,3,41198,43585,2366,56647.000000,2176237.000000
228.000424,0,97049,100570,3486,56910.503906,5098653.000000
228.000424,1,30787,32322,1525,56915.324219,1621990.500000
228.000424,2,246402,250888,4417,57132.406250,12917094.000000
228.000424,3,41308,43715,2378,56897.000000,2182200.500000
229.000424,0,97679,101205,3499,57160.503906,5132151.500000
229.000424,1,30839,32373,1527,57165.324219,1624776.000000
229.000424,2,247554,252048,4433,57382.406250,12978187.000000
229.000424,3,41448,43846,2381,57147.000000,2189679.500000
230.000424,0,98186,101716,3499,57410.503906,5158232.000000
230.000424,1,30897,32435,1527,57415.324219,1627750.500000
230.000424,2,248758,253261,4435,57632.406250,13040081.000000
230.000424,3,41540,43940,2381,57397.000000,2194425.500000
231.000424,0,98864,102427,3537,57660.503906,5195015.500000
231.000424,1,31025,32580,1537,57665.324219,1634692.500000
231.000424,2,249866,254397,4466,57882.406250,13100196.000000
231.000424,3,41625,44042,2396,57647.000000,2199041.000000
232.000924,0,99349,102918,3537,57910.628906,5219919.500000
232.000924,1,31102,32647,1537,57915.449219,1638690.000000
232.000924,2,251038,255559,4466,58132.531250,13160555.000000
232.000924,3,41746,44163,2396,57897.125000,2205265.000000
233.000424,0,99833,103399,3549,58160.503906,5245226.500000
233.000424,1,31168,32715,1537,58165.324219,1642109.500000
233.000424,2,252238,256784,4472,58382.406250,13222885.000000
233.000424,3,41874,44298,2396,58147.000000,2211907.500000
234.000424,0,100271,103908,3616,58410.503906,5268674.500000
234.000424,1,31213,32763,1539,58415.324219,1644492.500000
234.000424,2,253479,258047,4500,58632.406250,13289087.000000
234.000424,3,42149,44593,2416,58397.000000,2226661.000000
235.000424,0,100682,104324,3624,58660.503906,5290625.500000
235.000424,1,31277,32824,1540,58665.324219,1647923.500000
235.000424,2,254698,259280,4515,58882.406250,13354287.000000
235.000424,3,42452,44902,2418,58647.000000,2242809.500000
236.000424,0,101178,104858,3659,58910.503906,5317385.000000
236.000424,1,31291,32838,1540,58915.324219,1648673.500000
236.000424,2,255917,260540,4564,59132.406250,13419948.000000
236.000424,3,42712,45169,2424,58897.000000,2256797.000000
237.000424,0,101520,105197,3659,59160.503906,5334995.500000
237.000424,1,31312,32861,1540,59165.324219,1649764.000000
237.000424,2,257067,261695,4566,59382.406250,13479616.000000
237.000424,3,43152,45611,2424,59147.000000,2279604.000000
238.000424,0,102023,105702,3665,59410.503906,5361460.500000
238.000424,1,31351,32903,1540,59415.324219,1651800.000000
238.000424,2,258239,262871,4568,59632.406250,13540990.000000
238.000424,3,43372,45820,2426,59397.000000,2291136.500000
239.000424,0,102339,106036,3665,59660.503906,5377603.000000
239.000424,1,31459,33009,1540,59665.324219,1657310.000000
239.000424,2,259429,264066,4568,59882.406250,13601654.000000
239.000424,3,43499,45947,2426,59647.000000,2297644.500000
240.000424,0,102931,106638,3668,59910.503906,5408878.500000
240.000424,1,31492,33041,1541,59915.324219,1659055.500000
240.000424,2,260573,265205,4570,60132.406250,13662386.000000
240.000424,3,43719,46175,2428,59897.000000,2309295.000000
241.000424,0,103503,107229,3688,60160.503906,5439224.000000
241.000424,1,31542,33095,1541,60165.324219,1661714.000000
241.000424,2,261760,266403,4575,60382.406250,13725072.000000
241.000424,3,43879,46336,2431,60147.000000,2317719.500000
242.000424,0,103943,107678,3714,60410.503906,5462955.000000
242.000424,1,31701,33262,1544,60415.324219,1670291.000000
242.000424,2,262937,267607,4601,60632.406250,13788567.000000
242.000424,3,44095,46563,2437,60397.000000,2329428.000000
243.000424,0,104409,108178,3747,60660.503906,5488468.000000
243.000424,1,31872,33456,1571,60665.324219,1679679.500000
243.000424,2,263954,268727,4708,60882.406250,13844415.000000
243.000424,3,44441,47010,2531,60647.000000,2348410.500000
244.000424,0,104918,108693,3752,60910.503906,5515264.500000
244.000424,1,31962,33547,1572,60915.324219,1684424.500000
244.000424,2,265046,269826,4717,61132.406250,13901790.000000
244.000424,3,44712,47269,2532,60897.000000,2362690.500000
245.000424,0,105352,109139,3752,61160.503906,5537486.000000
245.000424,1,32033,33614,1572,61165.324219,1688031.000000
245.000424,2,266155,270931,4717,61382.406250,13958275.000000
245.000424,3,44801,47349,2532,61147.000000,2367240.000000
246.000424,0,105941,109723,3752,61410.503906,5567753.500000
246.000424,1,32169,33759,1572,61415.324219,1695026.000000
246.000424,2,267266,272040,4717,61632.406250,14015277.000000
246.000424,3,44836,47384,2532,61397.000000,2369029.500000
247.000424,0,106496,110267,3752,61660.503906,5596368.000000
247.000424,1,32326,33909,1572,61665.324219,1703092.500000
247.000424,2,268383,273162,4717,61882.406250,14072786.000000
247.000424,3,44885,47437,2532,61647.000000,2371547.500000
248.000424,0,106957,110735,3752,61910.503906,5619891.500000
248.000424,1,32397,33978,1572,61915.324219,1706719.500000
248.000424,2,269566,274347,4717,62132.406250,14133205.000000
248.000424,3,45011,47567,2532,61897.000000,2377970.000000
249.000424,0,107627,111428,3772,62160.503906,5655439.000000
249.000424,1,32480,34063,1573,62165.324219,1711135.500000
249.000424,2,270719,275510,4726,62382.406250,14194110.000000
249.000424,3,45081,47629,2532,62147.000000,2381612.000000
250.000424,0,108019,111813,3772,62410.503906,5675430.000000
250.000424,1,32630,34219,1573,62415.324219,1718771.000000
250.000424,2,271869,276653,4726,62632.406250,14252496.000000
250.000424,3,45115,47663,2532,62397.000000,2383339.000000
251.000424,0,108644,112480,3792,62660.503906,5708693.500000
251.000424,1,32806,34402,1578,62665.324219,1728115.500000
251.000424,2,272977,277794,4750,62882.406250,14311271.000000
251.000424,3,45168,47725,2538,62647.000000,2386184.000000
252.000424,0,109185,113032,3818,62910.503906,5737339.500000
252.000424,1,32981,34573,1579,62915.324219,1737343.500000
252.000424,2,274076,278922,4791,63132.406250,14369374.000000
252.000424,3,45266,47826,2543,62897.000000,2391343.000000
253.000424,0,109772,113620,3818,63160.503906,5767348.500000
253.000424,1,33040,34630,1579,63165.324219,1740345.000000
253.000424,2,275197,280048,4791,63382.406250,14426678.000000
253.000424,3,45330,47892,2543,63147.000000,2394608.000000
254.000424,0,110321,114178,3821,63410.503906,5796112.000000
254.000424,1,33195,34793,1579,63415.324219,1748553.000000
254.000424,2,276345,281205,4798,63632.406250,14486827.000000
254.000424,3,45374,47937,2545,63397.000000,2396906.500000
255.000424,0,110845,114702,3825,63660.503906,5823729.000000
255.000424,1,33402,35001,1579,63665.324219,1759407.500000
255.000424,2,277460,282343,4816,63882.406250,14545316.000000
255.000424,3,45488,48056,2547,63647.000000,2402812.500000
256.000424,0,111394,115297,3886,63910.503906,5853763.000000
256.000424,1,33677,35303,1601,63915.324219,1774426.000000
256.000424,2,278565,283489,4865,64132.406250,14605626.000000
256.000424,3,45555,48132,2557,63897.000000,2406443.500000
257.000424,0,111864,115794,3901,64160.503906,5879011.500000
257.000424,1,33980,35607,1607,64165.324219,1790578.500000
257.000424,2,279673,284614,4883,64382.406250,14664903.000000
257.000424,3,45665,48244,2560,64147.000000,2412357.000000
258.000424,0,112479,116418,3903,64410.503906,5911443.500000
258.000424,1,34207,35833,1609,64415.324219,1802466.000000
258.000424,2,280745,285697,4891,64632.406250,14720921.000000
258.000424,3,45717,48298,2561,64397.000000,2415099.500000
259.000424,0,112939,116856,3905,64660.503906,5935301.000000
259.000424,1,34341,35964,1609,64665.324219,1809413.500000
259.000424,2,281804,286764,4894,64882.406250,14775571.000000
259.000424,3,45751,48329,2561,64647.000000,2416855.000000
260.000424,0,113412,117377,3917,64910.503906,5960329.500000
260.000424,1,34510,36140,1610,64915.324219,1818272.000000
260.000424,2,282893,287871,4915,65132.406250,14832738.000000
260.000424,3,45876,48457,2561,64897.000000,2423461.000000
261.000424,0,113910,117925,3997,65160.503906,5987521.500000
261.000424,1,34808,36499,1659,65165.324219,1834465.000000
261.000424,2,283960,288989,4963,65382.406250,14890304.000000
261.000424,3,46013,48617,2571,65147.000000,2430831.000000
262.000424,0,114269,118377,4080,65410.503906,6007263.000000
262.000424,1,35219,36989,1731,65415.324219,1857055.000000
262.000424,2,284891,290030,5082,65632.406250,14941527.000000
262.000424,3,46312,49019,2670,65397.000000,2447314.500000
263.000424,0,114766,118926,4131,65660.500000,6034247.500000
263.000424,1,35585,37391,1782,65665.320312,1876913.500000
263.000424,2,285827,291013,5132,65882.406250,14992300.000000
263.000424,3,46511,49222,2688,65647.000000,2458176.000000
264.000424,0,115300,119486,4160,65910.500000,6062927.000000
264.000424,1,35951,37778,1801,65915.320312,1896593.000000
264.000424,2,286756,291966,5164,66132.406250,15042181.000000
264.000424,3,46678,49400,2696,65897.000000,2467156.000000
265.000424,0,115705,119881,4160,66160.500000,6083486.000000
265.000424,1,36262,38087,1801,66165.320312,1912447.000000
265.000424,2,287481,292675,5164,66382.406250,15079081.000000
265.000424,3,46979,49707,2696,66147.000000,2482510.000000
266.000424,0,116175,120358,4160,66410.500000,6107614.500000
266.000424,1,36679,38506,1801,66415.320312,1933661.000000
266.000424,2,287836,293009,5164,66632.406250,15097044.000000
266.000424,3,47204,49919,2696,66397.000000,2493993.500000
267.000424,0,116742,120926,4160,66660.500000,6136689.500000
267.000424,1,37276,39121,1801,66665.320312,1964116.500000
267.000424,2,288062,293245,5164,66882.406250,15108625.000000
267.000424,3,47387,50107,2696,66647.000000,2503378.500000
268.000424,0,117247,121442,4160,66910.500000,6162603.000000
268.000424,1,38037,39879,1801,66915.320312,2002857.500000
268.000424,2,288389,293570,5164,67132.406250,15125359.000000
268.000424,3,47539,50256,2696,66897.000000,2511163.500000
269.000424,0,117877,122071,4160,67160.500000,6194837.500000
269.000424,1,38758,40605,1801,67165.320312,2039712.500000
269.000424,2,288587,293761,5164,67382.406250,15135523.000000
269.000424,3,47705,50424,2696,67147.000000,2519645.500000
270.000424,0,118581,122781,4160,67410.500000,6231014.000000
270.000424,1,39571,41426,1801,67415.320312,2081371.000000
270.000424,2,288777,293959,5164,67632.406250,15145231.000000
270.000424,3,47812,50529,2696,67397.000000,2525121.500000
271.000424,0,119275,123480,4175,67660.500000,6268432.500000
271.000424,1,40542,42504,1883,67665.320312,2133683.500000
271.000424,2,289016,294197,5165,67882.406250,15158075.000000
271.000424,3,47902,50619,2696,67647.000000,2529950.500000
272.000424,0,119907,124169,4222,67910.500000,6303058.500000
272.000424,1,41630,43888,2191,67915.320312,2193398.000000
272.000424,2,289209,294422,5199,68132.406250,15168673.000000
272.000424,3,47987,50716,2709,67897.000000,2534632.500000
273.000424,0,120563,124823,4226,68160.500000,6338342.000000
273.000424,1,42736,45030,2219,68165.320312,2252673.000000
273.000424,2,289375,294585,5202,68382.406250,15177601.000000
273.000424,3,48050,50777,2710,68147.000000,2538006.500000
274.000424,0,121134,125416,4250,68410.500000,6369290.500000
274.000424,1,44010,46398,2319,68415.320312,2321467.000000
274.000424,2,289506,294721,5206,68632.406250,15184680.000000
274.000424,3,48073,50802,2712,68397.000000,2539252.000000
275.000424,0,121855,126148,4250,68660.500000,6406182.000000
275.000424,1,44977,47348,2319,68665.320312,2370960.500000
275.000424,2,289605,294817,5206,68882.406250,15189748.000000
275.000424,3,48077,50807,2712,68647.000000,2539454.500000
276.000424,0,122687,126980,4250,68910.500000,6448631.000000
276.000424,1,45756,48112,2319,68915.320312,2410712.000000
276.000424,2,289654,294865,5206,69132.406250,15192258.000000
276.000424,3,48137,50875,2712,68897.000000,2542500.000000
277.000424,0,123625,127944,4268,69160.500000,6498513.000000
277.000424,1,46450,48843,2348,69165.320312,2447723.500000
277.000424,2,289741,294978,5223,69382.406250,15196910.000000
277.000424,3,48372,51123,2723,69147.000000,2555048.000000
278.000424,0,124502,128826,4274,69410.500000,6545327.000000
278.000424,1,47107,49563,2417,69415.320312,2482810.500000
278.000424,2,289984,295229,5227,69632.406250,15209869.000000
278.000424,3,48588,51345,2735,69397.000000,2566638.000000
279.000424,0,125508,129849,4277,69660.500000,6597203.500000
279.000424,1,47715,50161,2417,69665.320312,2514117.500000
279.000424,2,290137,295377,5228,69882.406250,15217724.000000
279.000424,3,48669,51423,2735,69647.000000,2570819.000000
280.000424,0,126730,131082,4277,69910.500000,6660853.500000
280.000424,1,48204,50661,2424,69915.320312,2539524.000000
280.000424,2,290280,295517,5228,70132.406250,15225133.000000
280.000424,3,48709,51465,2735,69897.000000,2572915.000000
281.000424,0,127797,132126,4280,70160.500000,6715891.000000
281.000424,1,48683,51139,2427,70165.320312,2564194.000000
281.000424,2,290361,295594,5228,70382.406250,15229328.000000
281.000424,3,48795,51555,2736,70147.000000,2577326.500000
282.000424,0,129119,133465,4282,70410.500000,6784736.500000
282.000424,1,49159,51615,2427,70415.320312,2588910.000000
282.000424,2,290436,295672,5228,70632.406250,15233237.000000
282.000424,3,48865,51621,2736,70397.000000,2580956.000000
283.000424,0,130301,134713,4335,70660.500000,6848147.500000
283.000424,1,49762,52300,2483,70665.320312,2621285.500000
283.000424,2,290518,295758,5233,70882.406250,15237625.000000
283.000424,3,48961,51729,2746,70647.000000,2586083.500000
284.000424,0,131403,135835,4373,70910.500000,6906211.000000
284.000424,1,50451,52998,2511,70915.320312,2657705.000000
284.000424,2,290584,295826,5234,71132.406250,15241106.000000
284.000424,3,49024,51794,2751,70897.000000,2589415.500000
285.000424,0,132499,136935,4373,71160.500000,6962171.500000
285.000424,1,50972,53518,2511,71165.320312,2684237.500000
285.000424,2,290705,295947,5234,71382.406250,15247259.000000
285.000424,3,49066,51836,2751,71147.000000,2591556.500000
286.000424,0,133633,138069,4373,71410.500000,7020775.500000
286.000424,1,51608,54155,2511,71415.320312,2716887.000000
286.000424,2,290787,296028,5234,71632.406250,15251472.000000
286.000424,3,49098,51869,2751,71397.000000,2593197.500000
287.000424,0,134869,139310,4376,71660.500000,7084868.000000
287.000424,1,52154,54698,2511,71665.320312,2745222.500000
287.000424,2,290840,296079,5234,71882.406250,15254224.000000
287.000424,3,49190,51961,2751,71647.000000,2597989.500000
288.000424,0,136015,140443,4376,71910.500000,7143116.500000
288.000424,1,52582,55124,2511,71915.320312,2767176.000000
288.000424,2,290888,296130,5234,72132.406250,15256671.000000
288.000424,3,49329,52105,2751,71897.000000,2605091.500000
289.000424,0,137104,141604,4435,72160.500000,7201879.500000
289.000424,1,53180,55819,2580,72165.320312,2799430.000000
289.000424,2,291004,296263,5244,72382.406250,15262946.000000
289.000424,3,49501,52294,2766,72147.000000,2614299.500000
290.000424,0,138109,142685,4525,72410.500000,7256645.000000
290.000424,1,53833,56591,2718,72415.320312,2835123.000000
290.000424,2,291217,296511,5276,72632.406250,15274544.000000
290.000424,3,49630,52441,2782,72397.000000,2621336.000000
291.000424,0,139142,143739,4525,72660.500000,7310821.500000
291.000424,1,54315,57057,2721,72665.320312,2860238.000000
291.000424,2,291438,296729,5276,72882.406250,15286128.000000
291.000424,3,49838,52647,2784,72647.000000,2632213.500000
292.000424,0,140388,144974,4525,72910.500000,7375059.500000
292.000424,1,54670,57413,2721,72915.320312,2878538.500000
292.000424,2,291595,296877,5276,73132.406250,15294228.000000
292.000424,3,49980,52784,2784,72897.000000,2639542.000000
293.000424,0,141646,146236,4525,73160.500000,7438975.000000
293.000424,1,55005,57745,2721,73165.320312,2895547.500000
293.000424,2,291653,296934,5276,73382.406250,15297168.000000
293.000424,3,50020,52824,2784,73147.000000,2641580.500000
294.000424,0,143045,147652,4525,73410.500000,7509999.500000
294.000424,1,55213,57949,2721,73415.320312,2906094.000000
294.000424,2,291692,296974,5276,73632.406250,15299154.000000
294.000424,3,50069,52871,2784,73397.000000,2644064.500000
295.000424,0,144634,149289,4573,73660.500000,7593484.500000
295.000424,1,55400,58147,2725,73665.320312,2915964.500000
295.000424,2,291774,297061,5276,73882.406250,15303513.000000
295.000424,3,50107,52914,2786,73647.000000,2646063.000000
296.000424,0,146097,150802,4619,73910.500000,7671306.500000
296.000424,1,55745,58513,2744,73915.320312,2934291.500000
296.000424,2,291850,297131,5276,74132.406250,15307545.000000
296.000424,3,50171,52982,2793,73897.000000,2649466.000000
297.000424,0,147688,152385,4619,74160.500000,7753541.000000
297.000424,1,55936,58694,2744,74165.320312,2944170.500000
297.000424,2,291892,297173,5276,74382.406250,15309709.000000
297.000424,3,50203,53015,2793,74147.000000,2651120.500000
298.000424,0,149222,153964,4665,74410.500000,7834837.500000
298.000424,1,56214,58986,2751,74415.320312,2958844.500000
298.000424,2,291967,297254,5278,74632.406250,15313643.000000
298.000424,3,50280,53104,2796,74397.000000,2655138.500000
299.000424,0,150530,155340,4740,74660.500000,7906434.500000
299.000424,1,56475,59287,2791,74665.320312,2973154.500000
299.000424,2,292146,297443,5285,74882.406250,15323423.000000
299.000424,3,50532,53371,2809,74647.000000,2668901.000000
300.000424,0,151727,156537,4742,74910.500000,7969066.000000
300.000424,1,56769,59594,2799,74915.320312,2988496.500000
300.000424,2,292312,297603,5286,75132.406250,15332167.000000
300.000424,3,50811,53655,2814,74897.000000,2683530.000000
301.000424,0,153038,157894,4768,75160.500000,8037944.500000
301.000424,1,57017,59837,2805,75165.320312,3001391.000000
301.000424,2,292364,297661,5290,75382.406250,15334895.000000
301.000424,3,51151,54004,2820,75147.000000,2701373.500000
302.000424,0,154514,159362,4774,75410.500000,8115199.000000
302.000424,1,57140,59966,2805,75415.320312,3007832.000000
302.000424,2,292421,297720,5291,75632.406250,15337870.000000
302.000424,3,51445,54303,2824,75397.000000,2716737.500000
303.000424,0,155780,160683,4847,75660.500000,8182516.000000
303.000424,1,57470,60321,2823,75665.320312,3025290.500000
303.000424,2,292556,297868,5300,75882.406250,15344957.000000
303.000424,3,51636,54487,2828,75647.000000,2726894.500000
304.000424,0,156930,161837,4847,75910.500000,8241036.000000
304.000424,1,57833,60682,2823,75915.320312,3043735.000000
304.000424,2,292690,298001,5300,76132.406250,15351811.000000
304.000424,3,51705,54553,2828,75897.000000,2730421.500000
305.000424,0,158272,163191,4847,76160.500000,8310302.000000
305.000424,1,58147,61004,2823,76165.320312,3060087.500000
305.000424,2,292842,298156,5300,76382.406250,15359685.000000
305.000424,3,51790,54643,2828,76147.000000,2734840.500000
306.000424,0,159487,164415,4865,76410.500000,8375962.000000
306.000424,1,58600,61498,2863,76415.320312,3084602.000000
306.000424,2,293078,298417,5319,76632.406250,15372464.000000
306.000424,3,51886,54745,2840,76397.000000,2740063.000000
307.000424,0,160566,165544,4910,76660.500000,8435008.000000
307.000424,1,59164,62117,2908,76665.320312,3115372.000000
307.000424,2,293398,298754,5333,76882.406250,15389947.000000
307.000424,3,51923,54781,2840,76647.000000,2742085.000000
308.000424,0,161460,166484,4995,76910.500000,8483321.000000
308.000424,1,59906,62930,2983,76915.320312,3154953.500000
308.000424,2,293661,299030,5359,77132.406250,15404085.000000
308.000424,3,51926,54784,2840,76897.000000,2742251.000000
309.000424,0,162198,167239,4995,77160.500000,8520915.000000
309.000424,1,60410,63416,2983,77165.320312,3180514.000000
309.000424,2,293850,299228,5359,77382.406250,15413748.000000
309.000424,3,51954,54816,2840,77147.000000,2743677.500000
310.000424,0,163110,168154,4995,77410.500000,8567571.000000
310.000424,1,60560,63555,2983,77415.320312,3188307.000000
310.000424,2,294361,299751,5359,77632.406250,15440124.000000
310.000424,3,52233,55110,2840,77397.000000,2758079.000000
311.000424,0,164145,169210,5006,77660.500000,8622561.000000
311.000424,1,60613,63605,2984,77665.320312,3191123.500000
311.000424,2,294842,300259,5381,77882.406250,15465723.000000
311.000424,3,52646,55537,2848,77647.000000,2779994.500000
312.000424,0,165060,170125,5015,77910.500000,8671129.000000
312.000424,1,60654,63650,2985,77915.320312,3193303.500000
312.000424,2,295358,300778,5393,78132.406250,15492923.000000
312.000424,3,53137,56036,2853,77897.000000,2805860.000000
313.000424,0,165998,171097,5047,78160.500000,8721988.000000
313.000424,1,60753,63755,2988,78165.320312,3198634.500000
313.000424,2,295804,301260,5427,78382.406250,15517037.000000
313.000424,3,53652,56598,2898,78147.000000,2833722.500000
314.000424,0,167034,172146,5063,78410.500000,8777371.000000
314.000424,1,60821,63822,2991,78415.320312,3202269.000000
314.000424,2,296249,301699,5433,78632.406250,15540901.000000
314.000424,3,54073,57016,2909,78397.000000,2856201.500000
315.000424,0,167996,173118,5063,78660.500000,8826164.000000
315.000424,1,60870,63869,2991,78665.320312,3204749.500000
315.000424,2,296412,301855,5433,78882.406250,15549169.000000
315.000424,3,54401,57345,2909,78647.000000,2872815.500000
316.000424,0,169121,174245,5063,78910.500000,8883361.000000
316.000424,1,60930,63932,2991,78915.320312,3207789.000000
316.000424,2,296602,302049,5433,79132.406250,15558857.000000
316.000424,3,54581,57511,2909,78897.000000,2881990.000000
317.000424,0,170474,175616,5063,79160.500000,8952331.000000
317.000424,1,60975,63976,2991,79165.320312,3210072.500000
317.000424,2,296784,302232,5433,79382.406250,15568141.000000
317.000424,3,54639,57569,2909,79147.000000,2884943.500000
318.000424,0,171917,177065,5063,79410.500000,9025955.000000
318.000424,1,61018,64017,2991,79415.320312,3212269.500000
318.000424,2,297038,302488,5433,79632.406250,15581125.000000
318.000424,3,54694,57622,2909,79397.000000,2887752.500000
319.000424,0,173648,178826,5076,79660.500000,9118019.000000
319.000424,1,61056,64057,2992,79665.320312,3214304.500000
319.000424,2,297219,302672,5440,79882.406250,15590777.000000
319.000424,3,54737,57668,2911,79647.000000,2890037.000000
320.000424,0,175205,180372,5099,79910.500000,9201376.000000
320.000424,1,61094,64098,2994,79915.320312,3216317.000000
320.000424,2,297510,302972,5442,80132.406250,15606091.000000
320.000424,3,54822,57761,2913,79897.000000,2894519.500000
321.000424,0,176677,181888,5146,80160.500000,9278995.000000
321.000424,1,61138,64140,2994,80165.320312,3218651.000000
321.000424,2,297867,303349,5457,80382.406250,15624863.000000
321.000424,3,54906,57844,2913,80147.000000,2898945.000000
322.000424,0,177995,183229,5158,80410.500000,9349060.000000
322.000424,1,61162,64164,2994,80415.320312,3219927.500000
322.000424,2,298384,303889,5467,80632.406250,15652403.000000
322.000424,3,55008,57947,2916,80397.000000,2904368.000000
323.000424,0,179295,184622,5263,80660.500000,9420376.000000
323.000424,1,61176,64179,2995,80665.320312,3220696.500000
323.000424,2,298965,304528,5529,80882.406250,15684284.000000
323.000424,3,55113,58080,2937,80647.000000,2910122.500000
324.000424,0,180337,185671,5273,80910.500000,9475607.000000
324.000424,1,61193,64198,2996,80915.320312,3221619.000000
324.000424,2,299459,305018,5533,81132.406250,15710228.000000
324.000424,3,55529,58535,2964,80897.000000,2932083.000000
325.000424,0,181547,186922,5316,81160.500000,9540748.000000
325.000424,1,61222,64231,3000,81165.320312,3223185.000000
325.000424,2,299846,305420,5556,81382.406250,15731113.000000
325.000424,3,55892,58899,2974,81147.000000,2951679.000000
326.000424,0,182774,188154,5317,81410.500000,9605812.000000
326.000424,1,61295,64317,3005,81415.320312,3227066.500000
326.000424,2,300132,305713,5559,81632.406250,15746239.000000
326.000424,3,56244,59268,2980,81397.000000,2970369.000000
327.000424,0,183850,189261,5366,81660.500000,9663566.000000
327.000424,1,61492,64523,3011,81665.320312,3237569.500000
327.000424,2,300425,306002,5563,81882.406250,15761961.000000
327.000424,3,56617,59677,3021,81647.000000,2990392.000000
328.000424,0,184842,190255,5366,81910.500000,9715276.000000
328.000424,1,61754,64793,3012,81915.320312,3251269.500000
328.000424,2,300680,306262,5563,82132.406250,15775233.000000
328.000424,3,57020,60091,3026,81897.000000,3011467.000000
329.000424,0,185829,191267,5373,82160.500000,9768039.000000
329.000424,1,62149,65192,3014,82165.320312,3272286.000000
329.000424,2,300919,306500,5563,82382.406250,15788042.000000
329.000424,3,57399,60477,3033,82147.000000,3031649.000000
330.000424,0,186823,192325,5434,82410.500000,9822640.000000
330.000424,1,62479,65574,3065,82415.320312,3290362.500000
330.000424,2,301154,306747,5574,82632.406250,15800910.000000
330.000424,3,57840,60979,3090,82397.000000,3055855.000000
331.000424,0,187750,193364,5557,82660.500000,9873380.000000
331.000424,1,62795,65956,3135,82665.320312,3307712.500000
331.000424,2,301507,307166,5620,82882.406250,15820280.000000
331.000424,3,58244,61403,3129,82647.000000,3078003.500000
332.000424,0,188689,194343,5604,82910.500000,9922493.000000
332.000424,1,62940,66102,3151,82915.320312,3315469.500000
332.000424,2,302073,307752,5645,83132.406250,15849974.000000
332.000424,3,58477,61633,3130,82897.000000,3090097.500000
333.000424,0,189708,195368,5604,83160.500000,9974737.000000
333.000424,1,62983,66143,3151,83165.320312,3317675.000000
333.000424,2,302792,308480,5645,83382.406250,15887017.000000
333.000424,3,58601,61756,3130,83147.000000,3096449.500000
334.000424,0,190707,196374,5610,83410.500000,10027134.000000
334.000424,1,63011,66171,3151,83415.320312,3319150.000000
334.000424,2,303616,309312,5650,83632.406250,15930354.000000
334.000424,3,58735,61895,3130,83397.000000,3103519.000000
335.000424,0,191583,197334,5729,83660.500000,10074631.000000
335.000424,1,63052,66218,3157,83665.320312,3321357.500000
335.000424,2,304355,310142,5744,83882.406250,15970203.000000
335.000424,3,58988,62187,3170,83647.000000,3117199.000000
336.000424,0,192085,197850,5729,83910.500000,10100293.000000
336.000424,1,63098,66267,3157,83915.320312,3323701.500000
336.000424,2,305092,310877,5744,84132.406250,16007559.000000
336.000424,3,59222,62422,3170,83897.000000,3129143.500000
337.000424,0,192942,198713,5729,84160.500000,10143993.000000
337.000424,1,63179,66345,3157,84165.320312,3327815.500000
337.000424,2,305622,311393,5744,84382.406250,16034529.000000
337.000424,3,59507,62708,3170,84147.000000,3143598.500000
338.000424,0,193822,199602,5729,84410.500000,10188782.000000
338.000424,1,63220,66387,3157,84415.320312,3329913.000000
338.000424,2,306284,312073,5744,84632.406250,16068283.000000
338.000424,3,59652,62844,3170,84397.000000,3150986.500000
339.000424,0,194649,200420,5729,84660.500000,10230983.000000
339.000424,1,63257,66426,3157,84665.320312,3331804.000000
339.000424,2,307111,312908,5744,84882.406250,16110399.000000
339.000424,3,59760,62953,3170,84647.000000,3156509.500000
340.000424,0,195443,201221,5733,84910.500000,10272421.000000
340.000424,1,63324,66491,3157,84915.320312,3335279.000000
340.000424,2,308000,313824,5760,85132.406250,16156767.000000
340.000424,3,59959,63163,3171,84897.000000,3166930.000000
341.000424,0,196361,202156,5742,85160.500000,10321991.000000
341.000424,1,63357,66524,3157,85165.320312,3337057.500000
341.000424,2,308846,314689,5796,85382.406250,16202519.000000
341.000424,3,60162,63361,3172,85147.000000,3177914.500000
342.000424,0,197291,203087,5742,85410.500000,10369972.000000
342.000424,1,63388,66555,3157,85415.320312,3338660.000000
342.000424,2,309705,315551,5796,85632.406250,16246860.000000
342.000424,3,60249,63442,3172,85397.000000,3182398.500000
343.000424,0,198292,204093,5756,85660.500000,10423267.000000
343.000424,1,63425,66595,3159,85665.320312,3340642.000000
343.000424,2,310570,316433,5807,85882.406250,16292797.000000
343.000424,3,60330,63526,3174,85647.000000,3186737.500000
344.000424,0,199250,205100,5793,85910.500000,10474779.000000
344.000424,1,63471,66648,3165,85915.320312,3343099.500000
344.000424,2,311447,317341,5842,86132.406250,16339826.000000
344.000424,3,60444,63649,3180,85897.000000,3192849.000000
345.000424,0,200108,205999,5831,86160.500000,10520809.000000
345.000424,1,63531,66706,3166,86165.320312,3346275.000000
345.000424,2,312344,318277,5876,86382.406250,16387739.000000
345.000424,3,60615,63826,3183,86147.000000,3201904.000000
346.000424,0,201081,206971,5847,86410.500000,10572154.000000
346.000424,1,63565,66743,3166,86415.320312,3348055.000000
346.000424,2,313066,319003,5900,86632.406250,16425877.000000
346.000424,3,60824,64030,3184,86397.000000,3212906.500000
347.000424,0,202164,208075,5847,86660.500000,10627417.000000
347.000424,1,63606,66782,3166,86665.320312,3350152.500000
347.000424,2,313773,319719,5900,86882.406250,16461962.000000
347.000424,3,60863,64066,3184,86647.000000,3214897.000000
348.000424,0,203288,209192,5850,86910.500000,10686509.000000
348.000424,1,63637,66813,3166,86915.320312,3351763.000000
348.000424,2,314526,320471,5907,87132.406250,16501556.000000
348.000424,3,60889,64093,3184,86897.000000,3216255.000000
349.000424,0,204418,210331,5850,87160.500000,10745003.000000
349.000424,1,63677,66853,3166,87165.320312,3353825.000000
349.000424,2,315212,321148,5907,87382.406250,16536900.000000
349.000424,3,60930,64135,3184,87147.000000,3218366.500000
350.000424,0,205752,211690,5878,87410.500000,10815887.000000
350.000424,1,63722,66898,3167,87415.320312,3356170.500000
350.000424,2,315719,321669,5919,87632.406250,16563724.000000
350.000424,3,61001,64210,3187,87397.000000,3222134.000000
351.000424,0,206906,212855,5880,87660.500000,10875190.000000
351.000424,1,63728,66905,3167,87665.320312,3356490.000000
351.000424,2,316347,322308,5919,87882.406250,16596086.000000
351.000424,3,61064,64271,3187,87647.000000,3225375.000000
352.000424,0,208091,214084,5937,87910.500000,10939116.000000
352.000424,1,63772,66957,3170,87915.320312,3358835.000000
352.000424,2,317079,323076,5952,88132.406250,16635475.000000
352.000424,3,61099,64310,3188,87897.000000,3227255.500000
353.000424,0,209198,215193,5938,88160.500000,10997980.000000
353.000424,1,63831,67012,3170,88165.320312,3361968.500000
353.000424,2,317819,323816,5953,88382.406250,16674752.000000
353.000424,3,61191,64403,3188,88147.000000,3232142.500000
354.000424,0,210256,216263,5945,88410.500000,11053803.000000
354.000424,1,63871,67052,3170,88415.320312,3364070.000000
354.000424,2,318623,324635,5962,88632.406250,16717203.000000
354.000424,3,61243,64456,3189,88397.000000,3234899.500000
355.000424,0,211210,217250,5988,88660.500000,11104785.000000
355.000424,1,63920,67107,3176,88665.320312,3366664.500000
355.000424,2,319435,325473,5988,88882.406250,16760420.000000
355.000424,3,61403,64625,3195,88647.000000,3243389.500000
356.000424,0,212175,218222,5992,88910.500000,11155777.000000
356.000424,1,63960,67149,3176,88915.320312,3368780.000000
356.000424,2,320353,326400,5998,89132.406250,16809190.000000
356.000424,3,61453,64668,3195,88897.000000,3246035.500000
357.000424,0,213157,219195,5995,89160.500000,11206524.000000
357.000424,1,64005,67191,3176,89165.320312,3371107.000000
357.000424,2,321196,327246,5998,89382.406250,16852944.000000
357.000424,3,61486,64700,3195,89147.000000,3247745.000000
358.000424,0,214101,220156,6007,89410.500000,11256353.000000
358.000424,1,64033,67222,3179,89415.320312,3372591.500000
358.000424,2,322149,328238,6037,89632.406250,16903370.000000
358.000424,3,61521,64738,3197,89397.000000,3249596.500000
359.000424,0,214969,221031,6015,89660.500000,11302901.000000
359.000424,1,64085,67279,3179,89665.320312,3375371.500000
359.000424,2,323171,329270,6046,89882.406250,16958068.000000
359.000424,3,61576,64793,3197,89647.000000,3252539.500000
360.000424,0,215921,221986,6017,89910.500000,11353416.000000
360.000424,1,64150,67341,3179,89915.320312,3378838.500000
360.000424,2,324105,330214,6057,90132.406250,17007564.000000
360.000424,3,61610,64827,3197,89897.000000,3254346.500000
361.000424,0,216793,222858,6025,90160.500000,11399059.000000
361.000424,1,64169,67358,3179,90165.320312,3379830.000000
361.000424,2,325095,331200,6059,90382.406250,17059178.000000
361.000424,3,61668,64887,3197,90147.000000,3257377.000000
362.000424,0,217630,223692,6025,90410.500000,11441957.000000
362.000424,1,64184,67375,3179,90415.320312,3380601.000000
362.000424,2,326036,332152,6059,90632.406250,17107604.000000
362.000424,3,61745,64963,3197,90397.000000,3261328.000000
363.000424,0,218422,224531,6067,90660.500000,11484408.000000
363.000424,1,64225,67418,3180,90665.320312,3382804.500000
363.000424,2,327080,333215,6075,90882.406250,17163322.000000
363.000424,3,61846,65068,3199,90647.000000,3266741.000000
364.000424,0,219209,225328,6080,90910.500000,11526156.000000
364.000424,1,64268,67462,3182,90915.320312,3385095.000000
364.000424,2,328125,334268,6085,91132.406250,17218770.000000
364.000424,3,61967,65189,3201,90897.000000,3273147.500000
365.000424,0,220017,226150,6089,91160.500000,11568717.000000
365.000424,1,64316,67512,3183,91165.320312,3387626.000000
365.000424,2,329088,335234,6091,91382.406250,17269268.000000
365.000424,3,62092,65330,3204,91147.000000,3279779.000000
366.000424,0,220721,226884,6132,91410.500000,11607339.000000
366.000424,1,64353,67551,3185,91415.320312,3389655.500000
366.000424,2,330020,336235,6161,91632.406250,17320366.000000
366.000424,3,62419,65695,3239,91397.000000,3297729.500000
367.000424,0,221415,227602,6144,91660.500000,11645020.000000
367.000424,1,64419,67618,3185,91665.320312,3393233.500000
367.000424,2,330892,337135,6190,91882.406250,17367720.000000
367.000424,3,62787,66079,3253,91647.000000,3317682.500000
368.000424,0,222118,228338,6186,91910.500000,11683361.000000
368.000424,1,64450,67648,3185,91915.320312,3394923.000000
368.000424,2,331742,338022,6235,92132.406250,17413802.000000
368.000424,3,63202,66532,3281,91897.000000,3340228.500000
369.000424,0,222634,228849,6188,92160.500000,11709818.000000
369.000424,1,64563,67766,3186,92165.320312,3400702.000000
369.000424,2,332450,338721,6236,92382.406250,17450142.000000
369.000424,3,63755,67076,3282,92147.000000,3368633.000000
370.000424,0,223138,229349,6188,92410.500000,11735336.000000
370.000424,1,64650,67849,3186,92415.320312,3405113.000000
370.000424,2,333061,339328,6236,92632.406250,17481126.000000
370.000424,3,64041,67351,3282,92397.000000,3383117.000000
371.000424,0,223574,229789,6188,92660.500000,11757371.000000
371.000424,1,64692,67891,3186,92665.320312,3407236.500000
371.000424,2,333625,339891,6236,92882.406250,17509694.000000
371.000424,3,64221,67525,3282,92647.000000,3392233.500000
372.003424,0,224223,230440,6188,92911.250000,11790266.000000
372.003424,1,64740,67938,3186,92916.070312,3409670.500000
372.003424,2,334301,340578,6236,93133.156250,17543982.000000
372.003424,3,64283,67586,3282,92897.750000,3395391.000000
373.000424,0,224901,231127,6188,93160.500000,11824823.000000
373.000424,1,64782,67981,3186,93165.320312,3411813.500000
373.000424,2,335064,341340,6236,93382.406250,17582696.000000
373.000424,3,64400,67705,3282,93147.000000,3401322.500000
374.000424,0,225666,231896,6188,93410.500000,11863727.000000
374.000424,1,64875,68074,3186,93415.320312,3416547.000000
374.000424,2,335861,342143,6236,93632.406250,17623410.000000
374.000424,3,64499,67809,3282,93397.000000,3406351.500000
375.000424,0,226509,232739,6189,93660.500000,11907324.000000
375.000424,1,64949,68147,3186,93665.320312,3420381.500000
375.000424,2,336654,342933,6237,93882.406250,17664390.000000
375.000424,3,64709,68017,3282,93647.000000,3417180.000000
376.000424,0,227317,233554,6189,93910.500000,11948512.000000
376.000424,1,64992,68193,3186,93915.320312,3422576.500000
376.000424,2,337483,343768,6237,94132.406250,17706726.000000
376.000424,3,64839,68144,3282,93897.000000,3423806.000000
377.000424,0,228132,234367,6189,94160.500000,11990590.000000
377.000424,1,65062,68260,3186,94165.320312,3426188.500000
377.000424,2,338347,344644,6240,94382.406250,17751536.000000
377.000424,3,65014,68326,3282,94147.000000,3432897.000000
378.000424,0,228953,235198,6199,94410.500000,12034946.000000
378.000424,1,65097,68296,3187,94415.320312,3428076.000000
378.000424,2,339303,345610,6253,94632.406250,17803176.000000
378.000424,3,65200,68516,3285,94397.000000,3442936.000000
379.000424,0,229716,235962,6213,94660.500000,12076319.000000
379.000424,1,65138,68341,3189,94665.320312,3430286.500000
379.000424,2,340200,346520,6276,94882.406250,17851828.000000
379.000424,3,65499,68834,3301,94647.000000,3459111.000000
380.000424,0,230311,236589,6234,94910.500000,12107363.000000
380.000424,1,65213,68415,3189,94915.320312,3434185.000000
380.000424,2,341037,347368,6280,95132.406250,17895410.000000
380.000424,3,65910,69266,3308,94897.000000,3480546.000000
381.000424,0,230916,237210,6270,95160.500000,12139752.000000
381.000424,1,65259,68462,3191,95165.320312,3436604.500000
381.000424,2,341848,348188,6299,95382.406250,17938336.000000
381.000424,3,66430,69822,3346,95147.000000,3508027.000000
382.000424,0,231385,237691,6275,95410.500000,12164768.000000
382.000424,1,65298,68501,3191,95415.320312,3438662.000000
382.000424,2,342640,348997,6315,95632.406250,17980544.000000
382.000424,3,67101,70511,3352,95397.000000,3543786.000000
383.000424,0,232062,238374,6282,95660.500000,12201141.000000
383.000424,1,65322,68527,3194,95665.320312,3439951.500000
383.000424,2,343346,349735,6345,95882.406250,18018642.000000
383.000424,3,67688,71103,3362,95647.000000,3575441.500000
384.000424,0,232563,238909,6315,95910.500000,12228654.000000
384.000424,1,65350,68572,3207,95915.320312,3441492.000000
384.000424,2,344120,350560,6398,96132.406250,18060976.000000
384.000424,3,68385,71932,3471,95897.000000,3613721.500000
385.000424,0,233004,239356,6330,96160.500000,12252069.000000
385.000424,1,65351,68574,3207,96165.320312,3441547.500000
385.000424,2,344813,351269,6415,96382.406250,18097662.000000
385.000424,3,69227,72788,3503,96147.000000,3658374.000000
386.000424,0,233421,239771,6330,96410.500000,12273364.000000
386.000424,1,65380,68603,3207,96415.320312,3443029.000000
386.000424,2,345556,352014,6415,96632.406250,18135822.000000
386.000424,3,69785,73329,3503,96397.000000,3687006.500000
387.000424,0,233919,240288,6335,96660.500000,12299405.000000
387.000424,1,65421,68647,3208,96665.320312,3445187.000000
387.000424,2,346283,352740,6416,96882.406250,18173428.000000
387.000424,3,70410,73984,3508,96647.000000,3719724.500000
388.000424,0,234449,240833,6366,96910.500000,12328466.000000
388.000424,1,65505,68741,3216,96915.320312,3449772.500000
388.000424,2,346972,353481,6464,97132.406250,18211246.000000
388.000424,3,71107,74790,3625,96897.000000,3758106.500000
389.000424,0,234783,241160,6368,97160.500000,12346072.000000
389.000424,1,65622,68856,3217,97165.320312,3455951.500000
389.000424,2,347721,354226,6466,97382.406250,18250504.000000
389.000424,3,71785,75456,3625,97147.000000,3793667.000000
390.000424,0,234993,241373,6368,97410.500000,12356752.000000
390.000424,1,65659,68893,3217,97415.320312,3457830.500000
390.000424,2,348490,354998,6466,97632.406250,18289534.000000
390.000424,3,72407,76077,3625,97397.000000,3825193.000000
391.000424,0,235280,241678,6374,97660.500000,12371872.000000
391.000424,1,65709,68946,3220,97665.320312,3460461.000000
391.000424,2,349365,355909,6490,97882.406250,18335548.000000
391.000424,3,73109,76811,3639,97647.000000,3862228.000000
392.000424,0,235732,242154,6400,97910.500000,12396591.000000
392.000424,1,65749,68989,3222,97915.320312,3462636.500000
392.000424,2,350120,356716,6549,98132.406250,18376860.000000
392.000424,3,73862,77571,3648,97897.000000,3903371.000000
393.000424,0,236149,242569,6404,98160.500000,12419113.000000
393.000424,1,65793,69032,3223,98165.320312,3465022.500000
393.000424,2,350925,357566,6594,98382.406250,18420234.000000
393.000424,3,74592,78305,3660,98147.000000,3942778.500000
394.000424,0,236565,242990,6404,98410.500000,12440320.000000
394.000424,1,65851,69092,3223,98415.320312,3467993.500000
394.000424,2,351665,358299,6594,98632.406250,18457994.000000
394.000424,3,75254,78960,3660,98397.000000,3976530.500000
395.000424,0,236891,243308,6404,98660.500000,12456896.000000
395.000424,1,65905,69144,3223,98665.320312,3470728.000000
395.000424,2,352407,359044,6594,98882.406250,18495836.000000
395.000424,3,75918,79624,3660,98647.000000,4010234.500000
396.000424,0,237142,243559,6404,98910.500000,12469839.000000
396.000424,1,65939,69178,3223,98915.320312,3472474.000000
396.000424,2,353288,359939,6594,99132.406250,18541082.000000
396.000424,3,76588,80311,3664,98897.000000,4044846.000000
397.000424,0,237487,243914,6404,99160.500000,12487800.000000
397.000424,1,65981,69221,3223,99165.320312,3474676.500000
397.000424,2,354237,360889,6598,99382.406250,18590984.000000
397.000424,3,77226,80934,3664,99147.000000,4078195.000000
398.000424,0,237905,244330,6404,99410.500000,12509435.000000
398.000424,1,66040,69281,3223,99415.320312,3477728.500000
398.000424,2,355183,361830,6598,99632.406250,18639860.000000
398.000424,3,77775,81486,3664,99397.000000,4106583.000000
399.000424,0,238244,244683,6421,99660.500000,12527646.000000
399.000424,1,66086,69329,3226,99665.320312,3480176.000000
399.000424,2,356097,362771,6624,99882.406250,18688964.000000
399.000424,3,78467,82211,3687,99647.000000,4143899.000000
400.000424,0,238508,244937,6421,99910.500000,12541311.000000
400.000424,1,66148,69390,3226,99915.320312,3483370.500000
400.000424,2,356983,363655,6624,100132.406250,18734660.000000
400.000424,3,79206,82958,3688,99897.000000,4182126.000000
401.000424,0,238643,245071,6421,100160.500000,12548277.000000
401.000424,1,66182,69425,3226,100165.320312,3485144.500000
401.000424,2,357797,364473,6624,100382.406250,18776732.000000
401.000424,3,80165,83930,3690,100147.000000,4231770.500000
402.000424,0,238751,245177,6423,100410.500000,12554091.000000
402.000424,1,66215,69457,3226,100415.320312,3486922.500000
402.000424,2,358706,365401,6639,100632.406250,18825578.000000
402.000424,3,81115,84894,3706,100397.000000,4282872.500000
403.000424,0,238809,245236,6425,100660.500000,12557263.000000
403.000424,1,66251,69499,3230,100665.320312,3488892.500000
403.000424,2,359619,366355,6682,100882.406250,18875460.000000
403.000424,3,82108,85925,3742,100647.000000,4337137.500000
404.000424,0,238838,245264,6425,100910.500000,12558772.000000
404.000424,1,66376,69626,3230,100915.320312,3495333.000000
404.000424,2,360485,367221,6687,101132.406250,18920592.000000
404.000424,3,83049,86859,3744,100897.000000,4385988.000000
405.000424,0,238863,245289,6425,101160.500000,12560042.000000
405.000424,1,66463,69713,3230,101165.320312,3499769.000000
405.000424,2,361403,368140,6687,101382.406250,18967420.000000
405.000424,3,83876,87677,3744,101147.000000,4428153.500000
406.000424,0,238880,245306,6425,101410.500000,12560940.000000
406.000424,1,66525,69770,3230,101415.320312,3503030.500000
406.000424,2,362371,369127,6700,101632.406250,19018788.000000
406.000424,3,84797,88622,3752,101397.000000,4477125.500000
407.000424,0,238880,245307,6425,101660.500000,12560940.000000
407.000424,1,66576,69824,3230,101665.320312,3505789.000000
407.000424,2,363291,370081,6737,101882.406250,19068998.000000
407.000424,3,85826,89656,3761,101647.000000,4533138.500000
408.000424,0,238898,245329,6425,101910.500000,12561874.000000
408.000424,1,66616,69861,3230,101915.320312,3507855.000000
408.000424,2,364260,371051,6737,102132.406250,19118818.000000
408.000424,3,86742,90571,3761,101897.000000,4580289.000000
409.000424,0,238934,245364,6426,102160.500000,12563807.000000
409.000424,1,66704,69959,3233,102165.320312,3512633.500000
409.000424,2,365228,372040,6757,102382.406250,19171228.000000
409.000424,3,87650,91491,3770,102147.000000,4629487.500000
410.000424,0,238968,245402,6427,102410.500000,12565586.000000
410.000424,1,66839,70091,3234,102415.320312,3519681.000000
410.000424,2,366149,372969,6766,102632.406250,19219422.000000
410.000424,3,88494,92344,3777,102397.000000,4673779.500000
411.000424,0,239016,245457,6436,102660.500000,12568222.000000
411.000424,1,66902,70165,3245,102665.320312,3523146.000000
411.000424,2,366974,373881,6853,102882.406250,19264758.000000
411.000424,3,89558,93516,3886,102647.000000,4732453.000000
412.000424,0,239045,245486,6436,102910.500000,12569720.000000
412.000424,1,67002,70269,3245,102915.320312,3528271.000000
412.000424,2,367813,374713,6857,103132.406250,19307882.000000
412.000424,3,90353,94292,3886,102897.000000,4773228.500000
413.000424,0,239080,245522,6436,103160.500000,12571499.000000
413.000424,1,67063,70323,3245,103165.320312,3531364.000000
413.000424,2,368655,375561,6857,103382.406250,19350638.000000
413.000424,3,91105,95048,3886,103147.000000,4811513.500000
414.000424,0,239111,245550,6436,103410.500000,12573082.000000
414.000424,1,67135,70401,3245,103415.320312,3535055.000000
414.000424,2,369574,376482,6857,103632.406250,19397556.000000
414.000424,3,91866,95815,3886,103397.000000,4850260.500000
415.000424,0,239141,245580,6436,103660.500000,12574669.000000
415.000424,1,67249,70517,3248,103665.320312,3541090.500000
415.000424,2,370474,377388,6862,103882.406250,19445332.000000
415.000424,3,92811,96773,3889,103647.000000,4900498.500000
416.000424,0,239177,245619,6438,103910.500000,12576603.000000
416.000424,1,67317,70582,3249,103915.320312,3544764.500000
416.000424,2,371387,378317,6879,104132.406250,19494410.000000
416.000424,3,93784,97759,3911,103897.000000,4952742.000000
417.000424,0,239205,245646,6438,104160.500000,12578030.000000
417.000424,1,67364,70632,3249,104165.320312,3547180.000000
417.000424,2,372307,379238,6879,104382.406250,19541470.000000
417.000424,3,94645,98624,3911,104147.000000,4996795.500000
418.000424,0,239236,245679,6438,104410.500000,12579706.000000
418.000424,1,67529,70816,3258,104415.320312,3556124.000000
418.000424,2,373174,380121,6894,104632.406250,19588308.000000
418.000424,3,95582,99577,3925,104397.000000,5047401.000000
419.000424,0,239275,245718,6439,104660.500000,12581766.000000
419.000424,1,67677,70955,3259,104665.320312,3564018.500000
419.000424,2,374063,381024,6915,104882.406250,19635212.000000
419.000424,3,96454,100449,3930,104647.000000,5093449.000000
420.000424,0,239311,245753,6439,104910.500000,12583604.000000
420.000424,1,67730,71007,3259,104915.320312,3566712.000000
420.000424,2,374964,381928,6915,105132.406250,19681126.000000
420.000424,3,97371,101374,3930,104897.000000,5140143.500000
421.000424,0,239348,245797,6444,105160.500000,12585609.000000
421.000424,1,67798,71088,3268,105165.320312,3570405.000000
421.000424,2,375767,382776,6958,105382.406250,19724372.000000
421.000424,3,98462,102526,3975,105147.000000,5199145.500000
422.000424,0,239439,245893,6446,105410.500000,12590526.000000
422.000424,1,67960,71265,3284,105415.320312,3579165.000000
422.000424,2,376563,383640,7027,105632.406250,19767640.000000
422.000424,3,99413,103484,3999,105397.000000,5250650.500000
423.000424,0,239581,246043,6448,105660.500000,12597912.000000
423.000424,1,68051,71352,3284,105665.320312,3583929.000000
423.000424,2,377400,384475,7030,105882.406250,19811252.000000
423.000424,3,100321,104383,4004,105647.000000,5298282.000000
424.000424,0,239778,246241,6451,105910.500000,12608464.000000
424.000424,1,68171,71480,3287,105915.320312,3590413.500000
424.000424,2,378206,385314,7060,106132.406250,19854760.000000
424.000424,3,101187,105279,4025,105897.000000,5344796.000000
425.000424,0,239979,246455,6465,106160.500000,12619460.000000
425.000424,1,68310,71635,3298,106165.320312,3598053.500000
425.000424,2,379013,386158,7099,106382.406250,19898988.000000
425.000424,3,102040,106187,4072,106147.000000,5391643.000000
426.000424,0,240174,246648,6467,106410.500000,12629753.000000
426.000424,1,68488,71830,3311,106415.320312,3607404.000000
426.000424,2,379720,386877,7113,106632.406250,19936328.000000
426.000424,3,102886,107029,4085,106397.000000,5436179.000000
427.000424,0,240236,246712,6467,106660.500000,12632916.000000
427.000424,1,68623,71952,3311,106665.320312,3614263.500000
427.000424,2,380465,387621,7113,106882.406250,19974254.000000
427.000424,3,103738,107878,4085,106647.000000,5479624.000000
428.000424,0,240370,246849,6467,106910.500000,12639830.000000
428.000424,1,68734,72062,3311,106915.320312,3619971.500000
428.000424,2,381297,388459,7113,107132.406250,20017112.000000
428.000424,3,104489,108639,4086,106897.000000,5518436.500000
429.000424,0,240586,247078,6479,107160.500000,12651517.000000
429.000424,1,68794,72126,3314,107165.320312,3623218.500000
429.000424,2,382054,389286,7187,107382.406250,20058016.000000
429.000424,3,105456,109638,4105,107147.000000,5570800.000000
430.000424,0,240771,247268,6479,107410.500000,12661148.000000
430.000424,1,68854,72190,3314,107415.320312,3626330.000000
430.000424,2,382808,390033,7188,107632.406250,20097236.000000
430.000424,3,106376,110543,4111,107397.000000,5618832.000000
431.000424,0,241022,247522,6481,107660.500000,12674180.000000
431.000424,1,69070,72419,3318,107665.320312,3637588.500000
431.000424,2,383411,390637,7192,107882.406250,20128488.000000
431.000424,3,107190,111373,4111,107647.000000,5661160.000000
432.000424,0,241304,247812,6488,107910.500000,12689468.000000
432.000424,1,69242,72583,3320,107915.320312,3646897.000000
432.000424,2,383955,391225,7230,108132.406250,20157992.000000
432.000424,3,108192,112409,4144,107897.000000,5715503.000000
433.000424,0,241557,248069,6494,108160.500000,12702845.000000
433.000424,1,69331,72668,3320,108165.320312,3651630.500000
433.000424,2,384613,391891,7241,108382.406250,20192608.000000
433.000424,3,109064,113279,4155,108147.000000,5761598.500000
434.000424,0,241945,248468,6494,108410.500000,12722610.000000
434.000424,1,69373,72709,3320,108415.320312,3653780.500000
434.000424,2,385233,392507,7242,108632.406250,20224278.000000
434.000424,3,109757,113979,4155,108397.000000,5797047.000000
435.000424,0,242354,248867,6494,108660.500000,12743805.000000
435.000424,1,69416,72753,3320,108665.320312,3656003.500000
435.000424,2,385846,393118,7243,108882.406250,20255944.000000
435.000424,3,110606,114830,4155,108647.000000,5841095.000000
436.000424,0,242654,249173,6496,108910.500000,12759540.000000
436.000424,1,69491,72831,3321,108915.320312,3659887.000000
436.000424,2,386454,393744,7246,109132.406250,20287732.000000
436.000424,3,111567,115809,4165,108897.000000,5891349.000000
437.000424,0,243090,249638,6529,109160.500000,12783162.000000
437.000424,1,69564,72904,3324,109165.320312,3663844.500000
437.000424,2,387054,394385,7298,109382.406250,20320242.000000
437.000424,3,112449,116729,4215,109147.000000,5939180.500000
438.000424,0,243295,249830,6529,109410.500000,12793653.000000
438.000424,1,69634,72977,3324,109415.320312,3667481.000000
438.000424,2,387538,394855,7298,109632.406250,20345184.000000
438.000424,3,113640,117939,4215,109397.000000,6000547.000000
439.000924,0,243353,249885,6529,109660.625000,12796590.000000
439.000924,1,69733,73075,3324,109665.445312,3672518.500000
439.000924,2,387777,395085,7298,109882.531250,20357344.000000
439.000924,3,114930,119232,4215,109647.125000,6065989.500000
440.000424,0,243377,249910,6529,109910.500000,12797804.000000
440.000424,1,69777,73118,3324,109915.320312,3674753.500000
440.000424,2,387917,395225,7298,110132.406250,20364426.000000
440.000424,3,116347,120661,4215,109897.000000,6137837.500000
441.000424,0,243433,249968,6529,110160.500000,12800667.000000
441.000424,1,69812,73151,3324,110165.320312,3676536.500000
441.000424,2,388090,395402,7298,110382.406250,20373272.000000
441.000424,3,117988,122310,4215,110147.000000,6221800.000000
442.000424,0,243494,250028,6530,110410.500000,12803983.000000
442.000424,1,69848,73190,3325,110415.320312,3678500.500000
442.000424,2,388323,395637,7302,110632.406250,20385976.000000
442.000424,3,119658,124026,4256,110397.000000,6312884.500000
443.000424,0,243568,250106,6534,110660.500000,12807980.000000
443.000424,1,69888,73233,3327,110665.320312,3680627.000000
443.000424,2,388549,395870,7309,110882.406250,20398142.000000
443.000424,3,121307,125681,4275,110647.000000,6401085.500000
444.000424,0,243607,250145,6534,110910.500000,12809960.000000
444.000424,1,69933,73276,3327,110915.320312,3682916.000000
444.000424,2,388702,396020,7309,111132.406250,20405924.000000
444.000424,3,122952,127332,4275,110897.000000,6484871.500000
445.000424,0,243656,250196,6534,111160.500000,12812470.000000
445.000424,1,69977,73323,3327,111165.320312,3685155.000000
445.000424,2,388835,396156,7309,111382.406250,20412718.000000
445.000424,3,124580,128956,4275,111147.000000,6567813.000000
446.000424,0,243761,250303,6534,111410.500000,12817853.000000
446.000424,1,70034,73378,3327,111415.320312,3688078.000000
446.000424,2,388987,396309,7309,111632.406250,20420504.000000
446.000424,3,126175,130547,4275,111397.000000,6649538.000000
447.000424,0,243876,250418,6534,111660.500000,12823701.000000
447.000424,1,70108,73450,3327,111665.320312,3691836.500000
447.000424,2,389176,396496,7309,111882.406250,20430100.000000
447.000424,3,127677,132050,4275,111647.000000,6726035.500000
448.000424,0,244061,250613,6538,111910.500000,12833645.000000
448.000424,1,70143,73488,3330,111915.320312,3693716.000000
448.000424,2,389335,396658,7314,112132.406250,20438614.000000
448.000424,3,129280,133708,4323,111897.000000,6812050.500000
449.000424,0,244255,250803,6538,112160.500000,12843554.000000
449.000424,1,70167,73513,3330,112165.320312,3694941.500000
449.000424,2,389470,396790,7314,112382.406250,20445522.000000
449.000424,3,130730,135144,4323,112147.000000,6886049.000000
450.000424,0,244392,250939,6538,112410.500000,12850532.000000
450.000424,1,70199,73544,3330,112415.320312,3696574.000000
450.000424,2,389545,396868,7314,112632.406250,20449352.000000
450.000424,3,132275,136699,4323,112397.000000,6964587.500000
451.000424,0,244493,251038,6538,112660.500000,12855795.000000
451.000424,1,70249,73601,3330,112665.320312,3699207.000000
451.000424,2,389729,397059,7315,112882.406250,20459020.000000
451.000424,3,133907,138337,4330,112647.000000,7049920.000000
452.000424,0,244547,251089,6538,112910.500000,12858653.000000
452.000424,1,70476,73848,3338,112915.320312,3711400.000000
452.000424,2,389922,397273,7332,113132.406250,20469368.000000
452.000424,3,135428,139874,4344,112897.000000,7130803.500000
453.000424,0,244580,251124,6538,113160.500000,12860366.000000
453.000424,1,70657,74020,3346,113165.320312,3720989.500000
453.000424,2,390184,397556,7355,113382.406250,20483010.000000
453.000424,3,136752,141193,4365,113147.000000,7200386.000000
454.000424,0,244654,251196,6538,113410.500000,12864128.000000
454.000424,1,70712,74073,3346,113415.320312,3723770.000000
454.000424,2,390559,397934,7355,113632.406250,20502068.000000
454.000424,3,137794,142230,4365,113397.000000,7253247.500000
455.000424,0,244717,251258,6538,113660.500000,12867337.000000
455.000424,1,70742,74103,3346,113665.320312,3725293.000000
455.000424,2,391010,398398,7355,113882.406250,20524950.000000
455.000424,3,138892,143334,4365,113647.000000,7309176.500000
456.000424,0,244765,251306,6538,113910.500000,12869790.000000
456.000424,1,70773,74135,3346,113915.320312,3726878.500000
456.000424,2,391621,399011,7355,114132.406250,20556202.000000
456.000424,3,140089,144544,4366,113897.000000,7370587.500000
457.000424,0,244794,251337,6539,114160.500000,12871329.000000
457.000424,1,70869,74238,3347,114165.320312,3731964.000000
457.000424,2,392206,399593,7359,114382.406250,20587364.000000
457.000424,3,141366,145814,4369,114147.000000,7438618.000000
458.000424,0,244850,251397,6539,114410.500000,12874205.000000
458.000424,1,71064,74434,3347,114415.320312,3741928.000000
458.000424,2,392723,400118,7359,114632.406250,20613910.000000
458.000424,3,142520,146968,4369,114397.000000,7497681.000000
459.000424,0,245050,251607,6541,114660.500000,12884837.000000
459.000424,1,71188,74555,3350,114665.320312,3748546.000000
459.000424,2,393342,400744,7362,114882.406250,20646944.000000
459.000424,3,143571,148013,4372,114647.000000,7553729.500000
460.000424,0,245379,251963,6556,114910.500000,12902523.000000
460.000424,1,71326,74695,3351,114915.320312,3755899.500000
460.000424,2,393965,401379,7376,115132.406250,20680280.000000
460.000424,3,144457,148931,4417,114897.000000,7600937.000000
461.000424,0,245887,252474,6556,115160.500000,12928624.000000
461.000424,1,71379,74747,3351,115165.320312,3758618.500000
461.000424,2,394675,402091,7376,115382.406250,20716592.000000
461.000424,3,145031,149499,4417,115147.000000,7630400.500000
462.000424,0,246276,252862,6568,115410.500000,12949160.000000
462.000424,1,71434,74806,3353,115415.320312,3761549.000000
462.000424,2,395406,402851,7404,115632.406250,20755582.000000
462.000424,3,145820,150378,4480,115397.000000,7672309.500000
463.000424,0,246623,253228,6577,115660.500000,12967414.000000
463.000424,1,71533,74911,3357,115665.320312,3766699.000000
463.000424,2,396073,403528,7421,115882.406250,20790728.000000
463.000424,3,146645,151207,4513,115647.000000,7716084.500000
464.000424,0,247166,253783,6579,115910.500000,12995385.000000
464.000424,1,71594,74967,3357,115915.320312,3769810.500000
464.000424,2,396720,404184,7421,116132.406250,20823940.000000
464.000424,3,147259,151821,4513,115897.000000,7747734.500000
465.000424,0,247643,254246,6584,116160.500000,13020448.000000
465.000424,1,71644,75017,3357,116165.320312,3772395.500000
465.000424,2,397424,404887,7425,116382.406250,20860784.000000
465.000424,3,147933,152499,4519,116147.000000,7782663.000000
466.000424,0,248131,254743,6584,116410.500000,13045527.000000
466.000424,1,71748,75132,3357,116415.320312,3777742.500000
466.000424,2,398100,405564,7425,116632.406250,20895536.000000
466.000424,3,148518,153081,4519,116397.000000,7812734.500000
467.000424,0,248647,255279,6595,116660.500000,13073274.000000
467.000424,1,72005,75397,3362,116665.320312,3791568.000000
467.000424,2,398777,406259,7442,116882.406250,20931874.000000
467.000424,3,149050,153641,4544,116647.000000,7841250.000000
468.000424,0,249100,255723,6599,116910.500000,13097521.000000
468.000424,1,72263,75656,3364,116915.320312,3805362.000000
468.000424,2,399438,406929,7452,117132.406250,20967266.000000
468.000424,3,149675,154287,4557,116897.000000,7874579.000000
469.000424,0,249591,256230,6610,117160.500000,13124102.000000
469.000424,1,72507,75905,3369,117165.320312,3818491.500000
469.000424,2,400168,407685,7478,117382.406250,21006730.000000
469.000424,3,150208,154822,4573,117147.000000,7903423.500000
470.000424,0,250042,256678,6614,117410.500000,13147646.000000
470.000424,1,72806,76201,3369,117415.320312,3834223.500000
470.000424,2,400837,408350,7478,117632.406250,21041848.000000
470.000424,3,150773,155397,4578,117397.000000,7933057.000000
471.000424,0,250451,257091,6614,117660.500000,13168494.000000
471.000424,1,72970,76356,3369,117665.320312,3842551.000000
471.000424,2,401518,409040,7478,117882.406250,21076566.000000
471.000424,3,151400,156029,4578,117647.000000,7965072.000000
472.000424,0,250970,257611,6614,117910.500000,13194915.000000
472.000424,1,73040,76431,3369,117915.320312,3846111.000000
472.000424,2,402284,409804,7478,118132.406250,21115564.000000
472.000424,3,151863,156478,4578,117897.000000,7988661.000000
473.000424,0,251409,258093,6652,118160.500000,13218161.000000
473.000424,1,73234,76645,3382,118165.320312,3856477.500000
473.000424,2,403017,410585,7522,118382.406250,21154430.000000
473.000424,3,152428,157078,4594,118147.000000,8018678.000000
474.000424,0,251744,258426,6665,118410.500000,13235972.000000
474.000424,1,73568,76995,3389,118415.320312,3873995.000000
474.000424,2,403733,411315,7536,118632.406250,21192298.000000
474.000424,3,153009,157658,4606,118397.000000,8049290.500000
475.000424,0,251931,258602,6665,118660.500000,13245599.000000
475.000424,1,73871,77284,3390,118665.320312,3889593.000000
475.000424,2,404443,412018,7537,118882.406250,21228726.000000
475.000424,3,153548,158208,4607,118647.000000,8076862.500000
476.000424,0,251972,258641,6665,118910.500000,13247684.000000
476.000424,1,74030,77445,3390,118915.320312,3897652.000000
476.000424,2,405245,412825,7537,119132.406250,21269574.000000
476.000424,3,154194,158850,4607,118897.000000,8109632.500000
477.000424,0,252065,258743,6671,119160.500000,13252727.000000
477.000424,1,74381,77849,3432,119165.320312,3916563.500000
477.000424,2,406016,413618,7557,119382.406250,21310984.000000
477.000424,3,154932,159674,4686,119147.000000,8149216.000000
478.000424,0,252153,258831,6671,119410.500000,13257274.000000
478.000424,1,74819,78291,3432,119415.320312,3939118.500000
478.000424,2,406812,414413,7557,119632.406250,21352286.000000
478.000424,3,155520,160254,4686,119397.000000,8179519.000000
479.000424,0,252260,258940,6672,119660.500000,13262951.000000
479.000424,1,75298,78783,3442,119665.320312,3964584.000000
479.000424,2,407572,415179,7559,119882.406250,21392724.000000
479.000424,3,156172,160915,4692,119647.000000,8214180.000000
480.000424,0,252479,259170,6675,119910.500000,13274854.000000
480.000424,1,75759,79248,3454,119915.320312,3989597.500000
480.000424,2,408397,416026,7576,120132.406250,21437552.000000
480.000424,3,156667,161411,4703,119897.000000,8241102.000000
481.000424,0,252753,259444,6678,120160.500000,13289169.000000
481.000424,1,76127,79622,3457,120165.320312,4008987.500000
481.000424,2,409244,416870,7579,120382.406250,21482076.000000
481.000424,3,157163,161927,4709,120147.000000,8267297.000000
482.000424,0,252940,259645,6691,120410.500000,13299366.000000
482.000424,1,76502,80016,3483,120415.320312,4029334.500000
482.000424,2,410022,417693,7625,120632.406250,21524524.000000
482.000424,3,157818,162607,4749,120397.000000,8302973.500000
483.000424,0,253204,259910,6691,120660.500000,13312826.000000
483.000424,1,76835,80351,3483,120665.320312,4046313.500000
483.000424,2,410888,418557,7625,120882.406250,21568710.000000
483.000424,3,158181,162966,4749,120647.000000,8321417.500000
484.000424,0,253437,260138,6691,120910.500000,13324967.000000
484.000424,1,77235,80749,3483,120915.320312,4067216.000000
484.000424,2,411697,419374,7628,121132.406250,21610978.000000
484.000424,3,158658,163454,4750,120897.000000,8346345.000000
485.000424,0,253527,260224,6691,121160.500000,13329565.000000
485.000424,1,77507,81009,3483,121165.320312,4081003.000000
485.000424,2,412575,420251,7628,121382.406250,21655718.000000
485.000424,3,159147,163944,4750,121147.000000,8371213.500000
486.000424,0,253565,260259,6691,121410.500000,13331513.000000
486.000424,1,77813,81336,3483,121415.320312,4096629.000000
486.000424,2,413436,421111,7628,121632.406250,21699700.000000
486.000424,3,159798,164594,4750,121397.000000,8404498.000000
487.000424,0,253593,260287,6691,121660.500000,13332944.000000
487.000424,1,78170,81680,3483,121665.320312,4114911.000000
487.000424,2,414326,422005,7628,121882.406250,21745194.000000
487.000424,3,160383,165186,4750,121647.000000,8434441.000000
488.000424,0,253640,260335,6691,121910.500000,13335392.000000
488.000424,1,78460,81977,3485,121915.320312,4129994.000000
488.000424,2,415207,422892,7635,122132.406250,21790914.000000
488.000424,3,161079,165894,4753,121897.000000,8470672.000000
489.000424,0,253684,260381,6693,122160.500000,13337781.000000
489.000424,1,78849,82379,3495,122165.320312,4150957.500000
489.000424,2,416039,423745,7659,122382.406250,21835966.000000
489.000424,3,161814,166642,4781,122147.000000,8510576.000000
490.000424,0,253739,260437,6693,122410.500000,13340636.000000
490.000424,1,79334,82873,3496,122415.320312,4176355.000000
490.000424,2,416850,424569,7671,122632.406250,21878438.000000
490.000424,3,162389,167232,4794,122397.000000,8540614.000000
491.000424,0,253798,260497,6695,122660.500000,13343808.000000
491.000424,1,79818,83349,3502,122665.320312,4202269.000000
491.000424,2,417677,425407,7685,122882.406250,21922594.000000
491.000424,3,162999,167860,4810,122647.000000,8573197.000000
492.000424,0,253837,260536,6695,122910.500000,13345803.000000
492.000424,1,80177,83716,3502,122915.320312,4220567.000000
492.000424,2,418557,426291,7685,123132.406250,21967478.000000
492.000424,3,163582,168436,4810,122897.000000,8603002.000000
493.000424,0,253891,260592,6695,123160.500000,13348552.000000
493.000424,1,80607,84152,3502,123165.320312,4242411.500000
493.000424,2,419382,427114,7685,123382.406250,22009466.000000
493.000424,3,164053,168902,4810,123147.000000,8627039.000000
494.000424,0,253961,260663,6695,123410.500000,13352291.000000
494.000424,1,81170,84758,3540,123415.320312,4272394.500000
494.000424,2,420248,428001,7701,123632.406250,22055746.000000
494.000424,3,164534,169446,4851,123397.000000,8652811.000000
495.000424,0,254110,260818,6695,123660.500000,13360364.000000
495.000424,1,81614,85260,3609,123665.320312,4296471.500000
495.000424,2,421122,428901,7731,123882.406250,22103242.000000
495.000424,3,165067,170000,4889,123647.000000,8681812.000000
496.000424,0,254273,260976,6696,123910.500000,13369142.000000
496.000424,1,82110,85774,3618,123915.320312,4323102.000000
496.000424,2,422008,429812,7754,124132.406250,22151058.000000
496.000424,3,165522,170445,4892,123897.000000,8706289.000000
497.000424,0,254380,261085,6696,124160.500000,13374708.000000
497.000424,1,82773,86441,3622,124165.320312,4357748.000000
497.000424,2,422906,430713,7756,124382.406250,22197830.000000
497.000424,3,165823,170749,4892,124147.000000,8721972.000000
498.000424,0,254472,261172,6697,124410.500000,13379599.000000
498.000424,1,83513,87185,3623,124415.320312,4396457.500000
498.000424,2,423818,431630,7764,124632.406250,22245842.000000
498.000424,3,166009,170925,4893,124397.000000,8731780.000000
499.000424,0,254507,261208,6697,124660.500000,13381381.000000
499.000424,1,84222,87896,3623,124665.320312,4432492.000000
499.000424,2,424741,432559,7764,124882.406250,22292978.000000
499.000424,3,166056,170969,4893,124647.000000,8734168.000000
500.000424,0,254574,261280,6699,124910.500000,13385016.000000
500.000424,1,85104,88843,3670,124915.320312,4479852.000000
500.000424,2,425652,433504,7796,125132.406250,22341990.000000
500.000424,3,166155,171134,4948,124897.000000,8739552.000000
501.000424,0,254663,261374,6704,125160.500000,13389811.000000
501.000424,1,85984,89742,3704,125165.320312,4527356.000000
501.000424,2,426573,434457,7830,125382.406250,22391834.000000
501.000424,3,166260,171237,4958,125147.000000,8745256.000000
502.000424,0,254762,261475,6704,125410.500000,13394869.000000
502.000424,1,86768,90519,3704,125415.320312,4567488.000000
502.000424,2,427501,435379,7830,125632.406250,22439146.000000
502.000424,3,166292,171273,4958,125397.000000,8746892.000000
503.000424,0,254903,261625,6706,125660.500000,13402214.000000
503.000424,1,87539,91330,3718,125665.320312,4607582.000000
503.000424,2,428422,436314,7841,125882.406250,22487134.000000
503.000424,3,166364,171344,4959,125647.000000,8750582.000000
504.000424,0,255179,261945,6743,125910.500000,13417411.000000
504.000424,1,88440,92509,3991,125915.320312,4657272.500000
504.000424,2,429192,437169,7928,126132.406250,22529536.000000
504.000424,3,166417,171421,4980,125897.000000,8753505.000000
505.000924,0,255592,262369,6753,126160.625000,13438994.000000
505.000924,1,89100,93154,4012,126165.445312,4692035.500000
505.000924,2,429983,437966,7937,126382.531250,22570884.000000
505.000924,3,166525,171532,4985,126147.125000,8759174.000000
506.000424,0,255960,262731,6753,126410.500000,13457671.000000
506.000424,1,89532,93577,4012,126415.320312,4713924.500000
506.000424,2,430824,438804,7937,126632.406250,22613656.000000
506.000424,3,166565,171570,4985,126397.000000,8761206.000000
507.000424,0,256305,263075,6753,126660.500000,13475150.000000
507.000424,1,89848,93886,4012,126665.320312,4729939.500000
507.000424,2,431695,439685,7937,126882.406250,22657926.000000
507.000424,3,166600,171607,4985,126647.000000,8762987.000000
508.000424,0,256672,263452,6753,126910.500000,13493841.000000
508.000424,1,90132,94178,4012,126915.320312,4744373.000000
508.000424,2,432671,440659,7937,127132.406250,22707478.000000
508.000424,3,166637,171642,4985,126897.000000,8764870.000000
509.000424,0,257147,263929,6753,127160.500000,13518062.000000
509.000424,1,90503,94545,4012,127165.320312,4763365.500000
509.000424,2,433622,441612,7937,127382.406250,22755962.000000
509.000424,3,166687,171696,4985,127147.000000,8767422.000000
510.000424,0,257551,264321,6753,127410.500000,13538716.000000
510.000424,1,90749,94788,4012,127415.320312,4776022.000000
510.000424,2,434626,442619,7937,127632.406250,22807364.000000
510.000424,3,166859,171877,4985,127397.000000,8776238.000000
511.000424,0,257803,264572,6753,127660.500000,13551555.000000
511.000424,1,91093,95138,4012,127665.320312,4793559.000000
511.000424,2,435663,443647,7937,127882.406250,22860240.000000
511.000424,3,167033,172040,4985,127647.000000,8785089.000000
512.000424,0,258081,264852,6753,127910.500000,13565780.000000
512.000424,1,91607,95665,4012,127915.320312,4819915.500000
512.000424,2,436555,444543,7937,128132.406250,22905900.000000
512.000424,3,167145,172155,4985,127897.000000,8790798.000000
513.000424,0,258470,265279,6782,128160.500000,13586814.000000
513.000424,1,92208,96277,4025,128165.320312,4852492.000000
513.000424,2,437468,445482,7965,128382.406250,22955228.000000
513.000424,3,167242,172254,4990,128147.000000,8796043.000000
514.000424,0,258861,265667,6782,128410.500000,13607401.000000
514.000424,1,92799,96871,4027,128415.320312,4883423.500000
514.000424,2,438372,446390,7965,128632.406250,23002828.000000
514.000424,3,167345,172359,4990,128397.000000,8801454.000000
515.000424,0,259264,266102,6811,128660.500000,13629360.000000
515.000424,1,93455,97627,4104,128665.320312,4919282.000000
515.000424,2,439216,447275,8011,128882.406250,23049020.000000
515.000424,3,167442,172453,4991,128647.000000,8806718.000000
516.000424,0,259703,266598,6871,128910.500000,13653436.000000
516.000424,1,94180,98434,4206,128915.320312,4959087.500000
516.000424,2,439980,448079,8054,129132.406250,23090918.000000
516.000424,3,167514,172567,5025,128897.000000,8810662.000000
517.000424,0,260077,266973,6871,129160.500000,13672703.000000
517.000424,1,94644,98882,4206,129165.320312,4983030.500000
517.000424,2,440794,448896,8054,129382.406250,23132806.000000
517.000424,3,167713,172765,5026,129147.000000,8820905.000000
518.000424,0,260464,267353,6871,129410.500000,13692325.000000
518.000424,1,94821,99050,4206,129415.320312,4992062.500000
518.000424,2,441610,449708,8054,129632.406250,23174228.000000
518.000424,3,167974,173036,5026,129397.000000,8834206.000000
519.000424,0,260769,267659,6871,129660.500000,13707829.000000
519.000424,1,94926,99148,4206,129665.320312,4997408.500000
519.000424,2,442448,450546,8054,129882.406250,23216796.000000
519.000424,3,168394,173460,5026,129647.000000,8855530.000000
520.000424,0,261112,268000,6871,129910.500000,13725313.000000
520.000424,1,94979,99200,4206,129915.320312,5000092.000000
520.000424,2,443326,451428,8054,130132.406250,23261318.000000
520.000424,3,168659,173708,5026,129897.000000,8868936.000000
521.000424,0,261395,268282,6871,130160.500000,13739670.000000
521.000424,1,95025,99247,4206,130165.320312,5002418.500000
521.000424,2,444197,452299,8054,130382.406250,23305398.000000
521.000424,3,168846,173901,5026,130147.000000,8878398.000000
522.000424,0,261653,268534,6871,130410.500000,13752738.000000
522.000424,1,95072,99295,4206,130415.320312,5004812.500000
522.000424,2,445137,453253,8054,130632.406250,23353484.000000
522.000424,3,169239,174307,5026,130397.000000,8898396.000000
523.000424,0,261934,268847,6885,130660.500000,13767828.000000
523.000424,1,95160,99389,4211,130665.320312,5009485.000000
523.000424,2,446212,454365,8093,130882.406250,23410496.000000
523.000424,3,169763,174851,5041,130647.000000,8926396.000000
524.000424,0,262388,269355,6937,130910.500000,13792761.000000
524.000424,1,95202,99439,4218,130915.320312,5011793.000000
524.000424,2,447176,455341,8115,131132.406250,23463302.000000
524.000424,3,170303,175438,5083,130897.000000,8956122.000000
525.000424,0,262847,269827,6957,131160.500000,13817856.000000
525.000424,1,95266,99513,4226,131165.328125,5015282.500000
525.000424,2,448119,456339,8161,131382.406250,23514920.000000
525.000424,3,170837,175988,5105,131147.000000,8985292.000000
526.000424,0,263192,270173,6959,131410.500000,13836041.000000
526.000424,1,95425,99672,4228,131415.328125,5023709.500000
526.000424,2,449088,457302,8166,131632.406250,23566030.000000
526.000424,3,171347,176498,5107,131397.000000,9012210.000000
527.000424,0,263642,270626,6960,131660.500000,13860185.000000
527.000424,1,95545,99793,4229,131665.328125,5030133.000000
527.000424,2,450049,458272,8170,131882.406250,23617560.000000
527.000424,3,171803,176959,5110,131647.000000,9036686.000000
528.000424,0,264039,271023,6960,131910.500000,13881148.000000
528.000424,1,95662,99910,4229,131915.328125,5036308.500000
528.000424,2,450970,459197,8170,132132.406250,23666248.000000
528.000424,3,172362,177527,5116,131897.000000,9066138.000000
529.000424,0,264541,271539,6974,132160.500000,13908235.000000
529.000424,1,95718,99967,4233,132165.328125,5039349.500000
529.000424,2,451852,460089,8186,132382.406250,23713904.000000
529.000424,3,172921,178115,5146,132147.000000,9096330.000000
530.000424,0,264899,271889,6974,132410.500000,13926481.000000
530.000424,1,95773,100022,4233,132415.328125,5042145.000000
530.000424,2,452794,461030,8186,132632.406250,23762020.000000
530.000424,3,173427,178621,5146,132397.000000,9122060.000000
531.000424,0,265202,272194,6974,132660.500000,13941945.000000
531.000424,1,95814,100062,4233,132665.328125,5044239.000000
531.000424,2,453733,461969,8186,132882.406250,23809892.000000
531.000424,3,173984,179181,5146,132647.000000,9150430.000000
532.000424,0,265534,272524,6974,132910.500000,13958924.000000
532.000424,1,95857,100108,4233,132915.328125,5046438.500000
532.000424,2,454659,462892,8186,133132.406250,23857246.000000
532.000424,3,174576,179771,5146,132897.000000,9180688.000000
533.000424,0,265852,272849,6974,133160.500000,13975127.000000
533.000424,1,95951,100203,4233,133165.328125,5051216.000000
533.000424,2,455563,463801,8186,133382.406250,23903330.000000
533.000424,3,175097,180279,5146,133147.000000,9207268.000000
534.000424,0,266190,273177,6974,133410.500000,13992310.000000
534.000424,1,96070,100322,4233,133415.328125,5057253.500000
534.000424,2,456508,464746,8186,133632.406250,23951326.000000
534.000424,3,175437,180618,5146,133397.000000,9224558.000000
535.000424,0,266480,273472,6974,133660.500000,14007018.000000
535.000424,1,96131,100379,4233,133665.328125,5060355.000000
535.000424,2,457502,465744,8186,133882.406250,24001850.000000
535.000424,3,175836,181030,5146,133647.000000,9244890.000000
536.000424,0,266701,273684,6976,133910.500000,14018751.000000
536.000424,1,96187,100438,4234,133915.328125,5063342.500000
536.000424,2,458533,466794,8202,134132.406250,24056980.000000
536.000424,3,176525,181735,5153,133897.000000,9281498.000000
537.000424,0,266832,273816,6976,134160.500000,14025431.000000
537.000424,1,96269,100521,4234,134165.328125,5067531.500000
537.000424,2,459517,467771,8202,134382.406250,24107094.000000
537.000424,3,177194,182404,5153,134147.000000,9315690.000000
538.000424,0,266904,273884,6976,134410.500000,14029122.000000
538.000424,1,96335,100585,4234,134415.328125,5070925.000000
538.000424,2,460538,468796,8202,134632.406250,24159596.000000
538.000424,3,177971,183182,5153,134397.000000,9355575.000000
539.000424,0,266940,273919,6976,134660.500000,14030953.000000
539.000424,1,96370,100620,4234,134665.328125,5072703.000000
539.000424,2,461554,469815,8202,134882.406250,24211216.000000
539.000424,3,178742,183957,5153,134647.000000,9394956.000000
540.000424,0,266982,273961,6976,134910.500000,14033147.000000
540.000424,1,96400,100650,4234,134915.328125,5074273.500000
540.000424,2,462676,470943,8205,135132.406250,24269838.000000
540.000424,3,179529,184745,5154,134897.000000,9436123.000000
541.000424,0,267006,273986,6977,135160.500000,14034450.000000
541.000424,1,96451,100707,4239,135165.328125,5077033.000000
541.000424,2,463756,472049,8232,135382.406250,24328510.000000
541.000424,3,180374,185608,5170,135147.000000,9481824.000000
542.000424,0,267042,274024,6977,135410.500000,14036311.000000
542.000424,1,96494,100749,4239,135415.328125,5079258.500000
542.000424,2,464857,473151,8232,135632.406250,24385346.000000
542.000424,3,181130,186353,5170,135397.000000,9520962.000000
543.000424,0,267070,274053,6979,135660.500000,14037822.000000
543.000424,1,96540,100795,4239,135665.328125,5081753.500000
543.000424,2,466041,474368,8264,135882.406250,24449696.000000
543.000424,3,181865,187222,5293,135647.000000,9561044.000000
544.000424,0,267101,274086,6979,135910.500000,14039412.000000
544.000424,1,96581,100836,4239,135915.328125,5083850.000000
544.000424,2,467152,475474,8264,136132.406250,24506666.000000
544.000424,3,182528,187873,5296,135897.000000,9594986.000000
545.000424,0,267169,274158,6980,136160.500000,14043017.000000
545.000424,1,96697,100980,4256,136165.328125,5090114.500000
545.000424,2,468256,476602,8284,136382.406250,24565514.000000
545.000424,3,183199,188581,5318,136147.000000,9630787.000000
546.000424,0,267377,274406,7007,136410.500000,14054399.000000
546.000424,1,96912,101225,4283,136415.328125,5101885.500000
546.000424,2,469248,477639,8331,136632.406250,24619778.000000
546.000424,3,183784,189215,5388,136397.000000,9662860.000000
547.000424,0,267775,274842,7044,136660.500000,14076207.000000
547.000424,1,97146,101464,4293,136665.328125,5114685.000000
547.000424,2,470191,478654,8403,136882.406250,24671594.000000
547.000424,3,184209,189678,5423,136647.000000,9686175.000000
548.000424,0,268075,275154,7058,136910.500000,14092653.000000
548.000424,1,97375,101714,4311,136915.328125,5127237.000000
548.000424,2,471174,479692,8459,137132.406250,24725628.000000
548.000424,3,184697,190199,5453,136897.000000,9712892.000000
549.000424,0,268389,275475,7065,137160.500000,14108926.000000
549.000424,1,97480,101809,4314,137165.328125,5132740.000000
549.000424,2,472194,480712,8462,137382.406250,24778308.000000
549.000424,3,185099,190591,5458,137147.000000,9733690.000000
550.000424,0,268765,275852,7065,137410.500000,14128071.000000
550.000424,1,97516,101847,4314,137415.328125,5134567.500000
550.000424,2,473236,481755,8462,137632.406250,24831220.000000
550.000424,3,185365,190851,5458,137397.000000,9747200.000000
551.000424,0,269206,276299,7065,137660.500000,14150568.000000
551.000424,1,97566,101896,4314,137665.328125,5137113.500000
551.000424,2,474333,482858,8462,137882.406250,24887210.000000
551.000424,3,185621,191114,5458,137647.000000,9760254.000000
552.000424,0,269718,276808,7065,137910.500000,14177164.000000
552.000424,1,97611,101942,4314,137915.328125,5139450.500000
552.000424,2,475470,483999,8462,138132.406250,24946234.000000
552.000424,3,185913,191403,5458,137897.000000,9775460.000000
553.000424,0,270175,277286,7081,138160.500000,14202015.000000
553.000424,1,97689,102029,4323,138165.328125,5143698.000000
553.000424,2,476648,485220,8502,138382.406250,25010400.000000
553.000424,3,186200,191712,5475,138147.000000,9791069.000000
554.000424,0,270645,277768,7095,138410.500000,14227535.000000
554.000424,1,97720,102059,4324,138415.328125,5145389.000000
554.000424,2,477796,486393,8528,138632.406250,25072944.000000
554.000424,3,186551,192096,5500,138397.000000,9810162.000000
555.000424,0,271062,278239,7143,138660.500000,14250429.000000
555.000424,1,97754,102097,4328,138665.328125,5147251.000000
555.000424,2,478878,487496,8550,138882.406250,25132288.000000
555.000424,3,187018,192623,5553,138647.000000,9835750.000000
556.000424,0,271444,278625,7173,138910.500000,14270934.000000
556.000424,1,97786,102131,4329,138915.328125,5148936.500000
556.000424,2,479867,488541,8617,139132.406250,25184766.000000
556.000424,3,187490,193117,5588,138897.000000,9860771.000000
557.000424,0,271541,278718,7173,139160.500000,14275855.000000
557.000424,1,97870,102219,4329,139165.328125,5153187.000000
557.000424,2,480984,489664,8617,139382.406250,25241748.000000
557.000424,3,187775,193389,5588,139147.000000,9875188.000000
558.000424,0,271576,278752,7173,139410.500000,14277635.000000
558.000424,1,98057,102407,4329,139415.328125,5162653.500000
558.000424,2,482135,490817,8617,139632.406250,25300126.000000
558.000424,3,187981,193598,5588,139397.000000,9885659.000000
559.000424,0,271622,278802,7173,139660.500000,14279967.000000
559.000424,1,98178,102523,4329,139665.328125,5168779.500000
559.000424,2,483309,491991,8617,139882.406250,25359588.000000
559.000424,3,188108,193722,5588,139647.000000,9892098.000000
560.000424,0,271750,278931,7173,139910.500000,14286467.000000
560.000424,1,98228,102573,4329,139915.328125,5171312.000000
560.000424,2,484550,493231,8617,140132.406250,25422510.000000
560.000424,3,188248,193861,5588,139897.000000,9899207.000000
561.000424,0,271932,279125,7173,140160.500000,14295795.000000
561.000424,1,98284,102634,4329,140165.328125,5174193.500000
561.000424,2,485877,494570,8617,140382.406250,25490234.000000
561.000424,3,188382,193998,5588,140147.000000,9906083.000000
562.000424,0,272271,279493,7195,140410.500000,14314374.000000
562.000424,1,98406,102756,4331,140415.328125,5180846.500000
562.000424,2,487302,496031,8647,140632.406250,25568150.000000
562.000424,3,188496,194115,5593,140397.000000,9912314.000000
563.000424,0,272714,279957,7221,140660.500000,14338686.000000
563.000424,1,98567,102937,4344,140665.328125,5189715.500000
563.000424,2,488601,497390,8720,140882.406250,25639622.000000
563.000424,3,188593,194248,5628,140647.000000,9917658.000000
564.000424,0,273111,280358,7221,140910.500000,14359064.000000
564.000424,1,98745,103112,4344,140915.328125,5198846.000000
564.000424,2,489814,498599,8720,141132.406250,25701748.000000
564.000424,3,188751,194400,5629,140897.000000,9925745.000000
565.000424,0,273659,280910,7221,141160.500000,14387068.000000
565.000424,1,98836,103198,4344,141165.328125,5203479.000000
565.000424,2,491072,499862,8720,141382.406250,25766036.000000
565.000424,3,188781,194429,5629,141147.000000,9927278.000000
566.000424,0,274221,281474,7225,141410.500000,14416645.000000
566.000424,1,98901,103262,4344,141415.328125,5206905.000000
566.000424,2,492393,501192,8721,141632.406250,25835494.000000
566.000424,3,188820,194468,5629,141397.000000,9929326.000000
567.000424,0,274721,282000,7242,141660.500000,14443080.000000
567.000424,1,99005,103370,4345,141665.328125,5212433.500000
567.000424,2,493727,502570,8758,141882.406250,25906476.000000
567.000424,3,188875,194533,5635,141647.000000,9932265.000000
568.000424,0,275252,282572,7289,141910.500000,14471951.000000
568.000424,1,99100,103465,4349,141915.328125,5217624.000000
568.000424,2,495005,503867,8797,142132.406250,25975930.000000
568.000424,3,188968,194636,5645,141897.000000,9937319.000000
569.000424,0,275810,283134,7289,142160.500000,14500318.000000
569.000424,1,99156,103522,4349,142165.328125,5220471.500000
569.000424,2,496182,505042,8797,142382.406250,26035872.000000
569.000424,3,189032,194697,5645,142147.000000,9940580.000000
570.000424,0,276493,283818,7292,142410.500000,14536489.000000
570.000424,1,99204,103570,4349,142415.328125,5222996.500000
570.000424,2,497350,506221,8809,142632.406250,26097886.000000
570.000424,3,189116,194785,5646,142397.000000,9945046.000000
571.000424,0,277114,284445,7292,142660.500000,14568137.000000
571.000424,1,99280,103649,4349,142665.328125,5226873.000000
571.000424,2,498461,507331,8809,142882.406250,26154424.000000
571.000424,3,189160,194826,5646,142647.000000,9947282.000000
572.000424,0,277761,285121,7320,142910.500000,14603409.000000
572.000424,1,99407,103787,4361,142915.328125,5233828.500000
572.000424,2,499559,508460,8838,143132.406250,26214434.000000
572.000424,3,189288,194980,5659,142897.000000,9954279.000000
573.000424,0,278407,285777,7341,143160.500000,14637382.000000
573.000424,1,99464,103842,4362,143165.328125,5236840.000000
573.000424,2,500598,509494,8844,143382.406250,26268892.000000
573.000424,3,189454,195137,5662,143147.000000,9963115.000000
574.000424,0,278982,286356,7341,143410.500000,14666534.000000
574.000424,1,99509,103887,4362,143415.328125,5239129.000000
574.000424,2,501599,510500,8844,143632.406250,26319776.000000
574.000424,3,189569,195253,5662,143397.000000,9968968.000000
575.000424,0,279666,287048,7341,143660.500000,14701376.000000
575.000424,1,99556,103936,4362,143665.328125,5241530.500000
575.000424,2,502661,511564,8844,143882.406250,26373932.000000
575.000424,3,189629,195313,5662,143647.000000,9972032.000000
576.000424,0,280391,287772,7341,143910.500000,14738887.000000
576.000424,1,99627,104005,4362,143915.328125,5245222.000000
576.000424,2,503703,512604,8844,144132.406250,26427912.000000
576.000424,3,189730,195412,5662,143897.000000,9977289.000000
577.000424,0,281129,288530,7357,144160.500000,14777545.000000
577.000424,1,99686,104064,4362,144165.328125,5248304.500000
577.000424,2,504748,513659,8852,144382.406250,26482438.000000
577.000424,3,189784,195473,5666,144147.000000,9980154.000000
578.000424,0,281841,289239,7357,144410.500000,14814068.000000
578.000424,1,99759,104145,4362,144415.328125,5252035.500000
578.000424,2,505804,514718,8852,144632.406250,26536858.000000
578.000424,3,189874,195560,5666,144397.000000,9984760.000000
579.000424,0,282531,289952,7380,144660.500000,14851623.000000
579.000424,1,99968,104373,4376,144665.328125,5263424.000000
579.000424,2,506863,515787,8863,144882.406250,26594586.000000
579.000424,3,189916,195610,5670,144647.000000,9987038.000000
580.000424,0,283259,290683,7386,144910.500000,14891136.000000
580.000424,1,100195,104601,4385,144915.328125,5275723.000000
580.000424,2,507846,516792,8884,145132.406250,26647900.000000
580.000424,3,189976,195675,5679,144897.000000,9990294.000000
581.000424,0,283967,291407,7401,145160.500000,14929378.000000
581.000424,1,100321,104735,4392,145165.328125,5282548.000000
581.000424,2,508913,517907,8928,145382.406250,26705834.000000
581.000424,3,190075,195790,5688,145147.000000,9995673.000000
582.000424,0,284561,292008,7415,145410.500000,14961474.000000
582.000424,1,100430,104861,4410,145415.328125,5288492.000000
582.000424,2,509917,518932,8956,145632.406250,26760310.000000
582.000424,3,190368,196123,5706,145397.000000,10011586.000000
583.000424,0,285049,292591,7516,145660.500000,14988268.000000
583.000424,1,100483,104920,4420,145665.328125,5291407.500000
583.000424,2,510888,519952,9007,145882.406250,26813676.000000
583.000424,3,190856,196685,5784,145647.000000,10038383.000000
584.000424,0,285556,293114,7516,145910.500000,15014557.000000
584.000424,1,100531,104971,4420,145915.328125,5293921.500000
584.000424,2,511841,520908,9013,146132.406250,26863198.000000
584.000424,3,191268,197094,5784,145897.000000,10059877.000000
585.000424,0,286052,293599,7523,146160.500000,15041357.000000
585.000424,1,100693,105153,4432,146165.328125,5302683.000000
585.000424,2,512758,521853,9040,146382.406250,26912776.000000
585.000424,3,191689,197538,5803,146147.000000,10082493.000000
586.000424,0,286464,294013,7526,146410.500000,15062505.000000
586.000424,1,100911,105366,4432,146415.328125,5313866.000000
586.000424,2,513718,522815,9042,146632.406250,26962108.000000
586.000424,3,191985,197819,5804,146397.000000,10097740.000000
587.000424,0,287037,294601,7526,146660.500000,15092183.000000
587.000424,1,101103,105561,4434,146665.328125,5323815.000000
587.000424,2,514671,523764,9042,146882.406250,27011328.000000
587.000424,3,192193,198025,5804,146647.000000,10108492.000000
588.000424,0,287604,295160,7527,146910.500000,15121277.000000
588.000424,1,101262,105716,4434,146915.328125,5331933.000000
588.000424,2,515637,524731,9042,147132.406250,27060742.000000
588.000424,3,192355,198181,5804,146897.000000,10116793.000000
589.000424,0,288167,295722,7527,147160.500000,15149819.000000
589.000424,1,101351,105803,4434,147165.328125,5336446.500000
589.000424,2,516636,525735,9042,147382.406250,27111504.000000
589.000424,3,192455,198282,5804,147147.000000,10121868.000000
590.000424,0,288798,296364,7527,147410.500000,15182041.000000
590.000424,1,101428,105880,4434,147415.328125,5340386.500000
590.000424,2,517674,526773,9042,147632.406250,27164586.000000
590.000424,3,192565,198390,5804,147397.000000,10127508.000000
591.000424,0,289453,297013,7527,147660.500000,15215474.000000
591.000424,1,101579,106037,4434,147665.328125,5348164.000000
591.000424,2,518649,527747,9042,147882.406250,27214448.000000
591.000424,3,192633,198464,5804,147647.000000,10131020.000000
592.000424,0,290111,297674,7527,147910.500000,15249732.000000
592.000424,1,101748,106209,4434,147915.328125,5356915.500000
592.000424,2,519654,528751,9042,148132.406250,27266594.000000
592.000424,3,192709,198532,5804,147897.000000,10134964.000000
593.000424,0,290766,298344,7543,148160.500000,15284587.000000
593.000424,1,102026,106495,4441,148165.328125,5371751.000000
593.000424,2,520600,529706,9052,148382.406250,27316860.000000
593.000424,3,192776,198603,5806,148147.000000,10138552.000000
594.000424,0,291442,299026,7544,148410.500000,15319738.000000
594.000424,1,102216,106676,4441,148415.328125,5381754.000000
594.000424,2,521584,530697,9056,148632.406250,27368014.000000
594.000424,3,192843,198673,5810,148397.000000,10142096.000000
595.000424,0,292128,299713,7545,148660.500000,15355005.000000
595.000424,1,102348,106812,4441,148665.328125,5388542.500000
595.000424,2,522591,531701,9056,148882.406250,27419826.000000
595.000424,3,192972,198807,5810,148647.000000,10148732.000000
596.000424,0,292812,300398,7548,148910.500000,15391395.000000
596.000424,1,102574,107037,4441,148915.328125,5400614.000000
596.000424,2,523611,532737,9065,149132.406250,27474316.000000
596.000424,3,193036,198870,5811,148897.000000,10152148.000000
597.000424,0,293520,301105,7550,149160.500000,15429244.000000
597.000424,1,102786,107257,4443,149165.328125,5411962.500000
597.000424,2,524630,533761,9073,149382.406250,27528908.000000
597.000424,3,193091,198921,5811,149147.000000,10155104.000000
598.000424,0,294179,301793,7571,149410.500000,15464893.000000
598.000424,1,103057,107531,4445,149415.328125,5426612.500000
598.000424,2,525668,534821,9090,149632.406250,27585004.000000
598.000424,3,193123,198957,5813,149397.000000,10156838.000000
599.000424,0,294830,302466,7601,149660.500000,15499287.000000
599.000424,1,103346,107823,4450,149665.328125,5441857.000000
599.000424,2,526674,535830,9099,149882.406250,27638112.000000
599.000424,3,193131,198969,5819,149647.000000,10157280.000000
