time,sender_number,packets_received,packets_sent,packets_lost,sending_duration,total_delay
1.040213,0,0,1,0,0.000000,0.000000
2.050213,0,10,12,0,1010.000000,1010.000000
3.861213,0,25,27,0,2821.000000,2525.000000
4.063213,0,27,30,0,3023.000000,2727.000000
5.075213,0,44,47,1,4035.000000,4444.000000
6.177213,0,48,52,1,5137.000000,4848.000000
7.088213,0,64,68,1,6048.000000,6465.000000
8.000213,0,82,88,2,6960.000000,8287.000000
9.015213,0,165,183,3,7975.000000,16750.000000
10.028213,0,307,327,3,8988.000000,31161.000000
11.046213,0,422,435,3,10006.000000,42803.000000
12.059213,0,550,580,7,11019.000000,55825.000000
13.000213,0,686,699,7,11960.000000,69597.000000
14.003213,0,737,757,7,12963.000000,74753.000000
15.014213,0,890,923,9,13974.000000,90303.000000
16.032213,0,1116,1152,11,14992.000000,113309.000000
17.044213,0,1342,1382,13,16004.000000,136223.000000
18.056213,0,1545,1584,16,17016.000000,156782.000000
19.000213,0,1732,1770,19,17960.000000,175766.000000
20.002213,0,1926,1973,22,18962.000000,195516.000000
21.014213,0,2158,2217,27,19974.000000,219101.000000
22.028213,0,2462,2533,32,20988.000000,249981.000000
23.043213,0,2899,2981,37,22003.000000,294744.000000
24.000213,0,3315,3417,42,22960.000000,337098.000000
25.000213,0,4014,4152,50,23960.000000,408978.000000
26.000213,0,4956,5158,83,24960.000000,508783.000000
27.000213,0,5950,6401,306,25960.000000,617811.000000
28.000213,0,6940,7654,563,26960.000000,726266.000000
29.000213,0,7930,9201,1078,27960.000000,835282.000000
30.000213,0,8920,10995,1874,28960.000000,944321.000000
31.000213,0,9907,12570,2505,29960.000000,1051729.000000
32.000213,0,10892,14248,3170,30960.000000,1160238.000000
33.000213,0,11884,15853,3799,31960.000000,1268519.000000
34.000213,0,12862,17025,4057,32960.000000,1373466.000000
35.000213,0,13670,17801,4066,33960.000000,1456720.000000
36.000213,0,14155,18282,4070,34960.000000,1506087.000000
37.000213,0,14866,19058,4089,35960.000000,1579957.000000
38.000213,0,15588,19760,4097,36960.000000,1653915.000000
39.000213,0,16371,20563,4106,37960.000000,1734705.000000
40.000213,0,17090,21281,4113,38960.000000,1808502.000000
41.000213,0,17745,21909,4123,39960.000000,1875773.000000
42.000213,0,18217,22403,4126,40960.000000,1923892.000000
43.000213,0,18894,23091,4133,41960.000000,1993100.000000
44.000213,0,19610,23834,4146,42960.000000,2066580.000000
45.000213,0,20196,24398,4155,43960.000000,2126450.000000
46.000213,0,20660,24855,4159,44960.000000,2173636.000000
47.001213,0,21001,25200,4164,45961.000000,2208276.000000
48.013213,0,21452,25675,4167,46973.000000,2254184.000000
49.000213,0,22009,26241,4170,47960.000000,2310903.000000
50.001213,0,22487,26712,4174,48961.000000,2359634.000000
51.004213,0,22944,27183,4181,49964.000000,2406226.000000
52.000213,0,23647,27917,4184,50960.000000,2478527.000000
53.000213,0,24491,28796,4199,51960.000000,2565575.000000
54.000213,0,25472,29800,4223,52960.000000,2669126.000000
55.000213,0,26383,30729,4246,53960.000000,2764320.000000
56.000213,0,27356,31813,4343,54960.000000,2868508.000000
57.000213,0,28299,32797,4420,55960.000000,2968229.000000
58.000213,0,29097,33624,4430,56960.000000,3050339.000000
59.000213,0,29996,34546,4450,57960.000000,3144960.000000
60.000213,0,30958,35646,4555,58960.000000,3247843.000000
61.000213,0,31916,36633,4611,59960.000000,3348547.000000
62.000213,0,32890,37682,4658,60960.000000,3452247.000000
63.000213,0,33877,38938,4914,61960.000000,3560621.000000
64.000213,0,34861,40187,5195,62960.000000,3668206.000000
65.000213,0,35832,41198,5268,63960.000000,3771576.000000
66.000213,0,36589,41924,5272,64960.000000,3848937.000000
67.000213,0,37164,42503,5279,65960.000000,3907597.000000
68.000213,0,37710,43045,5283,66960.000000,3963246.000000
69.000213,0,38192,43535,5290,67960.000000,4012284.000000
70.000213,0,38720,44087,5297,68960.000000,4066322.000000
71.025213,0,39312,44663,5302,69985.000000,4126984.000000
72.000213,0,39732,45092,5307,70960.000000,4169827.000000
73.000213,0,40215,45581,5310,71960.000000,4218947.000000
74.002213,0,40708,46088,5313,72962.000000,4269043.000000
75.000213,0,41429,46846,5321,73960.000000,4343107.000000
76.000213,0,42360,47847,5367,74960.000000,4441381.000000
77.000213,0,43329,48859,5418,75960.000000,4544676.000000
78.000213,0,44309,49932,5518,76960.000000,4650488.000000
79.000213,0,45124,50738,5534,77960.000000,4734193.000000
80.000213,0,45852,51491,5545,78960.000000,4809336.000000
81.000213,0,46678,52300,5554,79960.000000,4894618.000000
82.010213,0,47288,52897,5560,80970.000000,4956768.000000
83.000213,0,47851,53518,5567,81960.000000,5014076.000000
84.000213,0,48791,54534,5640,82960.000000,5113536.000000
85.000213,0,49776,55555,5683,83960.000000,5219307.000000
86.000213,0,50567,56364,5691,84960.000000,5300246.000000
87.000213,0,51537,57367,5718,85960.000000,5403128.000000
88.000213,0,52528,58439,5809,86960.000000,5509968.000000
89.000213,0,53336,59230,5818,87960.000000,5593289.000000
90.004213,0,54044,59929,5825,88964.000000,5665601.000000
91.000213,0,54552,60444,5831,89960.000000,5717289.000000
92.000213,0,55216,61136,5840,90960.000000,5786382.000000
93.021213,0,55712,61598,5842,91981.000000,5836944.000000
94.004213,0,56063,61938,5842,92964.000000,5872597.000000
95.000213,0,56402,62296,5845,93960.000000,5907388.000000
96.000213,0,56823,62739,5851,94960.000000,5950258.000000
97.007213,0,57465,63403,5864,95967.000000,6016094.000000
98.000213,0,58280,64266,5877,96960.000000,6100117.000000
99.000213,0,59270,65484,6070,97960.000000,6207854.000000
100.000213,0,60257,66711,6311,98960.000000,6314110.000000
101.000213,0,61250,67839,6481,99960.000000,6421954.000000
102.003213,0,62090,68671,6495,100963.000000,6508927.000000
103.000213,0,63019,69655,6526,101960.000000,6606663.000000
104.000213,0,63937,70601,6562,102960.000000,6702548.000000
105.000213,0,64897,71580,6591,103960.000000,6803564.000000
106.000213,0,65708,72394,6594,104960.000000,6887223.000000
107.000213,0,66546,73248,6606,105960.000000,6974126.000000
108.000213,0,67437,74172,6623,106960.000000,7066918.000000
109.000213,0,68397,75147,6638,107960.000000,7167735.000000
110.000213,0,69384,76383,6858,108960.000000,7275377.000000
111.000213,0,70374,77602,7088,109960.000000,7383206.000000
112.000213,0,71365,78823,7336,110960.000000,7491342.000000
113.000213,0,72354,79873,7411,111960.000000,7597974.000000
114.000213,0,73232,80739,7429,112960.000000,7688974.000000
115.000213,0,74053,81585,7437,113960.000000,7773814.000000
116.000213,0,74908,82461,7444,114960.000000,7862482.000000
117.000213,0,75897,83595,7572,115960.000000,7970033.000000
118.001213,0,76833,84540,7619,116961.000000,8068282.000000
119.000213,0,77730,85486,7631,117960.000000,8161160.000000
120.000213,0,78712,86531,7709,118960.000000,8266822.000000
121.000213,0,79634,87474,7729,119960.000000,8362843.000000
122.000213,0,80542,88366,7742,120960.000000,8457266.000000
123.000213,0,81143,88956,7757,121960.000000,8518767.000000
124.000213,0,81805,89658,7764,122960.000000,8586535.000000
125.000213,0,82712,90594,7775,123960.000000,8680936.000000
126.000213,0,83678,91605,7808,124960.000000,8783455.000000
127.000213,0,84667,92736,7943,125960.000000,8890976.000000
128.000213,0,85644,93774,8044,126960.000000,8996376.000000
129.000213,0,86494,94642,8058,127960.000000,9084586.000000
130.000213,0,87288,95437,8065,128960.000000,9165894.000000
131.000213,0,88150,96324,8077,129960.000000,9254810.000000
132.000213,0,89030,97208,8088,130960.000000,9345541.000000
133.001213,0,89746,97902,8095,131961.000000,9418918.000000
134.000213,0,90262,98422,8098,132960.000000,9471627.000000
135.000213,0,90825,98987,8108,133960.000000,9529450.000000
136.000213,0,91586,99806,8117,134960.000000,9608794.000000
137.000213,0,92569,100967,8252,135960.000000,9715067.000000
138.000213,0,93564,102227,8546,136960.000000,9823566.000000
139.000213,0,94538,103232,8601,137960.000000,9927696.000000
140.000213,0,95315,104020,8612,138960.000000,10007534.000000
141.000213,0,96162,104876,8621,139960.000000,10094859.000000
142.000213,0,97130,105927,8672,140960.000000,10197800.000000
143.000213,0,98118,107007,8783,141960.000000,10304503.000000
144.000213,0,98992,107853,8798,142960.000000,10396257.000000
145.009213,0,99558,108424,8807,143969.000000,10454002.000000
146.000213,0,100247,109161,8813,144960.000000,10524979.000000
147.000213,0,101060,109986,8833,145960.000000,10608646.000000
148.000213,0,101989,110925,8838,146960.000000,10704971.000000
149.000213,0,102922,111904,8867,147960.000000,10803517.000000
150.000213,0,103911,113036,8996,148960.000000,10910964.000000
151.000213,0,104871,114026,9066,149960.000000,11012844.000000
152.001213,0,105607,114766,9073,150961.000000,11088275.000000
153.000213,0,106494,115743,9136,151960.000000,11182042.000000
154.001213,0,107384,116644,9171,152961.000000,11275582.000000
155.009213,0,108143,117402,9176,153969.000000,11353328.000000
156.000213,0,108867,118142,9190,154960.000000,11427841.000000
157.000213,0,109666,118950,9204,155960.000000,11510653.000000
158.000213,0,110496,119798,9214,156960.000000,11595652.000000
159.000213,0,111284,120574,9224,157960.000000,11676480.000000
160.000213,0,112049,121370,9236,158960.000000,11755226.000000
161.000213,0,112968,122373,9280,159960.000000,11852872.000000
162.000213,0,113924,123333,9335,160960.000000,11954738.000000
163.000213,0,114643,124072,9341,161960.000000,12028021.000000
164.000213,0,115509,124990,9362,162960.000000,12117868.000000
165.000213,0,116485,126042,9451,163960.000000,12222605.000000
166.000213,0,117452,127052,9488,164960.000000,12324679.000000
167.000213,0,118395,128005,9511,165960.000000,12423711.000000
168.000213,0,119343,129024,9549,166960.000000,12523524.000000
169.000213,0,120332,130143,9694,167960.000000,12631242.000000
170.000213,0,121229,131010,9706,168960.000000,12723951.000000
171.000213,0,122027,131829,9712,169960.000000,12805715.000000
172.000213,0,122884,132708,9726,170960.000000,12894571.000000
173.000213,0,123844,133690,9748,171960.000000,12996035.000000
174.000213,0,124672,134546,9761,172960.000000,13081648.000000
175.000213,0,125586,135480,9786,173960.000000,13177601.000000
176.000213,0,126522,136437,9808,174960.000000,13275516.000000
177.000213,0,127441,137367,9824,175960.000000,13371100.000000
178.000213,0,128389,138329,9849,176960.000000,13469779.000000
179.000213,0,129271,139235,9872,177960.000000,13560680.000000
180.000213,0,130197,140209,9904,178960.000000,13657692.000000
181.000213,0,131085,141125,9929,179960.000000,13750529.000000
182.000213,0,132053,142110,9949,180960.000000,13852610.000000
183.000213,0,132955,143008,9960,181960.000000,13945964.000000
184.000213,0,133788,143851,9979,182960.000000,14031996.000000
185.000213,0,134659,144771,9998,183960.000000,14123561.000000
186.000213,0,135550,145657,10020,184960.000000,14215684.000000
187.000213,0,136496,146707,10070,185960.000000,14316164.000000
188.000213,0,137489,148053,10420,186960.000000,14425308.000000
189.000213,0,138479,149257,10657,187960.000000,14533154.000000
190.000213,0,139423,150239,10729,188960.000000,14633723.000000
191.000213,0,140199,151022,10742,189960.000000,14713292.000000
192.000213,0,140866,151681,10750,190960.000000,14781763.000000
193.004213,0,141391,152207,10757,191964.000000,14835151.000000
194.000213,0,142007,152839,10763,192960.000000,14898291.000000
195.000213,0,142577,153387,10765,193960.000000,14956387.000000
196.000213,0,143000,153820,10769,194960.000000,14999347.000000
197.020213,0,143576,154409,10776,195980.000000,15058050.000000
198.000213,0,144213,155085,10783,196960.000000,15123353.000000
199.000213,0,145099,155993,10818,197960.000000,15215763.000000
200.000213,0,145736,156630,10824,198960.000000,15280868.000000
201.000213,0,146598,157543,10836,199960.000000,15370905.000000
202.000213,0,147549,158488,10852,200960.000000,15470396.000000
203.000213,0,148401,159359,10861,201960.000000,15558136.000000
204.000213,0,149347,160366,10881,202960.000000,15657383.000000
205.000213,0,150291,161339,10969,203960.000000,15758233.000000
206.000213,0,151214,162385,11043,204960.000000,15856205.000000
207.000213,0,152207,163614,11278,205960.000000,15965166.000000
208.000213,0,153193,164625,11331,206960.000000,16071033.000000
209.000213,0,154126,165571,11373,207960.000000,16169696.000000
210.000213,0,154853,166310,11376,208960.000000,16244315.000000
211.000213,0,155617,167088,11392,209960.000000,16322967.000000
212.000213,0,156305,167775,11394,210960.000000,16393654.000000
213.000213,0,157236,168823,11491,211960.000000,16492555.000000
214.000213,0,158189,169810,11509,212960.000000,16591842.000000
215.000213,0,159167,170859,11571,213960.000000,16697052.000000
216.000213,0,160140,171881,11622,214960.000000,16800876.000000
217.000213,0,161105,172845,11656,215960.000000,16903632.000000
218.000213,0,161866,173627,11662,216960.000000,16981756.000000
219.000213,0,162796,174581,11690,217960.000000,17078974.000000
220.000213,0,163697,175512,11695,218960.000000,17171772.000000
221.000213,0,164691,176554,11764,219960.000000,17279836.000000
222.002213,0,165507,177344,11768,220962.000000,17363486.000000
223.000213,0,166360,178226,11776,221960.000000,17452092.000000
224.000213,0,167071,178943,11783,222960.000000,17524764.000000
225.000213,0,167991,179918,11831,223960.000000,17621612.000000
226.000213,0,168922,180887,11862,224960.000000,17719412.000000
227.000213,0,169870,181897,11912,225960.000000,17819308.000000
228.000213,0,170852,183058,12081,226960.000000,17925538.000000
229.000213,0,171783,184033,12151,227960.000000,18023608.000000
230.000213,0,172729,185055,12220,228960.000000,18124136.000000
231.000213,0,173646,185969,12233,229960.000000,18219214.000000
232.000213,0,174460,186813,12246,230960.000000,18302928.000000
233.000213,0,175413,187808,12302,231960.000000,18403366.000000
234.000213,0,176272,188659,12310,232960.000000,18491454.000000
235.008213,0,176889,189266,12313,233968.000000,18554170.000000
236.000213,0,177619,190029,12328,234960.000000,18629876.000000
237.000213,0,178353,190786,12332,235960.000000,18705112.000000
238.000213,0,179331,191927,12458,236960.000000,18811236.000000
239.000213,0,180321,193010,12588,237960.000000,18918244.000000
240.000213,0,181137,193823,12596,238960.000000,19002004.000000
241.000213,0,181765,194437,12607,239960.000000,19066124.000000
242.000213,0,182377,195063,12618,240960.000000,19128596.000000
243.000213,0,183186,195934,12634,241960.000000,19212792.000000
244.000213,0,184176,197057,12741,242960.000000,19320032.000000
245.000213,0,185169,198205,12918,243960.000000,19427926.000000
246.002213,0,186040,199051,12941,244962.000000,19519246.000000
247.000213,0,186598,199611,12947,245960.000000,19575930.000000
248.000213,0,187186,200198,12949,246960.000000,19635946.000000
249.015213,0,187786,200800,12954,247975.000000,19697208.000000
250.000213,0,188439,201468,12959,248960.000000,19764842.000000
251.000213,0,189056,202085,12965,249960.000000,19827804.000000
252.000213,0,189683,202749,12973,250960.000000,19891818.000000
253.000213,0,190517,203608,13009,251960.000000,19978072.000000
254.000213,0,191449,204563,13028,252960.000000,20076308.000000
255.000213,0,192364,205507,13045,253960.000000,20172026.000000
256.000213,0,193209,206356,13058,254960.000000,20259028.000000
257.000213,0,194032,207168,13066,255960.000000,20343194.000000
258.003213,0,194672,207827,13075,256963.000000,20408420.000000
259.000213,0,195375,208564,13083,257960.000000,20480822.000000
260.000213,0,196317,209550,13138,258960.000000,20579620.000000
261.000213,0,197116,210384,13149,259960.000000,20661732.000000
262.000213,0,198106,211540,13313,260960.000000,20769576.000000
263.000213,0,199007,212461,13341,261960.000000,20864132.000000
264.000213,0,199967,213436,13382,262960.000000,20965770.000000
265.000213,0,200805,214286,13392,263960.000000,21051868.000000
266.000213,0,201665,215162,13398,264960.000000,21140630.000000
267.000213,0,202594,216117,13417,265960.000000,21238218.000000
268.000213,0,203534,217069,13438,266960.000000,21336872.000000
269.000213,0,204420,217994,13454,267960.000000,21428880.000000
270.000213,0,205323,218901,13471,268960.000000,21523160.000000
271.000213,0,206296,219921,13512,269960.000000,21626436.000000
272.000213,0,207281,220920,13546,270960.000000,21731900.000000
273.000213,0,208253,221916,13556,271960.000000,21833808.000000
274.000213,0,209186,222873,13579,272960.000000,21931284.000000
275.000213,0,210140,223841,13594,273960.000000,22031812.000000
276.000213,0,211130,224988,13727,274960.000000,22139248.000000
277.000213,0,212119,226126,13888,275960.000000,22247348.000000
278.004213,0,212965,226943,13903,276964.000000,22335026.000000
279.000213,0,213860,227870,13919,277960.000000,22428736.000000
280.000213,0,214767,228807,13930,278960.000000,22522520.000000
281.000213,0,215749,229844,13987,279960.000000,22628426.000000
282.000213,0,216582,230660,13999,280960.000000,22714298.000000
283.000213,0,217433,231547,14010,281960.000000,22802528.000000
284.000213,0,218407,232578,14043,282960.000000,22906008.000000
285.000213,0,219395,233633,14130,283960.000000,23012876.000000
286.000213,0,220356,234621,14155,284960.000000,23114894.000000
287.000213,0,221333,235661,14203,285960.000000,23218808.000000
288.000213,0,222325,236769,14326,286960.000000,23326504.000000
289.000213,0,223205,237630,14345,287960.000000,23417328.000000
290.000213,0,223968,238416,14356,288960.000000,23495778.000000
291.000213,0,224892,239371,14389,289960.000000,23593028.000000
292.000213,0,225782,240294,14400,290960.000000,23685024.000000
293.003213,0,226686,241198,14427,291963.000000,23780082.000000
294.000213,0,227612,242175,14458,292960.000000,23877674.000000
295.000213,0,228574,243148,14471,293960.000000,23978200.000000
296.000213,0,229560,244212,14547,294960.000000,24084086.000000
297.000213,0,230435,245091,14560,295960.000000,24174470.000000
298.000213,0,231403,246091,14585,296960.000000,24276714.000000
299.000213,0,232339,247036,14592,297960.000000,24374004.000000
300.000213,0,233205,247901,14603,298960.000000,24463524.000000
301.000213,0,234153,248875,14627,299960.000000,24563736.000000
302.000213,0,235064,249807,14651,300960.000000,24659156.000000
303.000213,0,236021,250837,14702,301960.000000,24761336.000000
304.000213,0,237008,251873,14753,302960.000000,24867280.000000
305.000213,0,237979,252877,14806,303960.000000,24971052.000000
306.000213,0,238717,253611,14817,304960.000000,25046504.000000
307.000213,0,239566,254509,14825,305960.000000,25133936.000000
308.000213,0,240550,255537,14881,306960.000000,25239712.000000
309.000213,0,241534,256588,14945,307960.000000,25345406.000000
310.000213,0,242432,257478,14959,308960.000000,25439052.000000
311.000213,0,243322,258418,14991,309960.000000,25532058.000000
312.000213,0,244152,259228,14995,310960.000000,25617480.000000
313.000213,0,244966,260083,15008,311960.000000,25701036.000000
314.000213,0,245947,261107,15047,312960.000000,25805880.000000
315.000213,0,246935,262178,15151,313960.000000,25913212.000000
316.000213,0,247831,263100,15163,314960.000000,26005946.000000
317.000213,0,248793,264090,15187,315960.000000,26106900.000000
318.000213,0,249747,265038,15195,316960.000000,26206340.000000
319.000213,0,250593,265904,15202,317960.000000,26293514.000000
320.000213,0,251579,267013,15316,318960.000000,26400756.000000
321.000213,0,252526,267977,15336,319960.000000,26500076.000000
322.000213,0,253508,269056,15435,320960.000000,26606530.000000
323.000213,0,254359,269899,15443,321960.000000,26694208.000000
324.000213,0,255332,270907,15480,322960.000000,26797104.000000
325.000213,0,256163,271737,15485,323960.000000,26882644.000000
326.000213,0,257002,272613,15505,324960.000000,26970146.000000
327.000213,0,257990,273631,15546,325960.000000,27075480.000000
328.000213,0,258884,274558,15570,326960.000000,27168848.000000
329.000213,0,259804,275476,15582,327960.000000,27263666.000000
330.000213,0,260634,276306,15586,328960.000000,27348568.000000
331.000213,0,261520,277280,15635,329960.000000,27441522.000000
332.000213,0,262503,278327,15718,330960.000000,27547198.000000
333.000213,0,263399,279267,15738,331960.000000,27640640.000000
334.000213,0,264384,280405,15906,332960.000000,27747904.000000
335.000213,0,265217,281254,15933,333960.000000,27834372.000000
336.000213,0,266177,282276,15989,334960.000000,27936448.000000
337.000213,0,267166,283378,16094,335960.000000,28043758.000000
338.000213,0,268148,284397,16149,336960.000000,28148462.000000
339.000213,0,268916,285154,16159,337960.000000,28227420.000000
340.000213,0,269739,286013,16164,338960.000000,28312330.000000
341.000213,0,270728,287052,16220,339960.000000,28418500.000000
342.011213,0,271545,287840,16233,340971.000000,28502504.000000
343.000213,0,272259,288591,16238,341960.000000,28575832.000000
344.000213,0,273112,289460,16250,342960.000000,28664108.000000
345.000213,0,274041,290392,16269,343960.000000,28761230.000000
346.000213,0,274777,291162,16275,344960.000000,28836538.000000
347.000213,0,275607,291999,16304,345960.000000,28923000.000000
348.000213,0,276507,292935,16322,346960.000000,29016700.000000
349.000213,0,277450,293965,16382,347960.000000,29116436.000000
350.001213,0,278386,294946,16490,348961.000000,29216700.000000
351.000213,0,279175,295783,16504,349960.000000,29297596.000000
352.000213,0,280112,296724,16515,350960.000000,29394992.000000
353.000213,0,280993,297616,16523,351960.000000,29486164.000000
354.000213,0,281970,298628,16559,352960.000000,29590834.000000
355.000213,0,282890,299565,16566,353960.000000,29685636.000000
356.000213,0,283758,300395,16571,354960.000000,29775444.000000
357.000213,0,284552,301237,16583,355960.000000,29857584.000000
358.000213,0,285525,302231,16600,356960.000000,29960644.000000
359.000213,0,286472,303189,16627,357960.000000,30059926.000000
360.000213,0,287426,304236,16691,358960.000000,30161624.000000
361.000213,0,288406,305228,16715,359960.000000,30264736.000000
362.000213,0,289221,306047,16723,360960.000000,30348964.000000
363.000213,0,290205,307170,16834,361960.000000,30455712.000000
364.000213,0,291190,308196,16896,362960.000000,30561384.000000
365.000213,0,292173,309244,16973,363960.000000,30666812.000000
366.000213,0,292942,310021,16985,364960.000000,30745346.000000
367.000213,0,293805,310901,17018,365960.000000,30835352.000000
368.000213,0,294546,311665,17030,366960.000000,30911088.000000
369.000213,0,295479,312632,17054,367960.000000,31009820.000000
370.000213,0,296177,313301,17058,368960.000000,31081004.000000
371.000213,0,296944,314110,17063,369960.000000,31159466.000000
372.000213,0,297889,315062,17079,370960.000000,31257970.000000
373.000213,0,298809,316016,17098,371960.000000,31353302.000000
374.000213,0,299782,316995,17121,372960.000000,31456476.000000
375.000213,0,300723,317976,17150,373960.000000,31556090.000000
376.000213,0,301646,318888,17164,374960.000000,31651916.000000
377.000213,0,302569,319931,17246,375960.000000,31750212.000000
378.000213,0,303485,320855,17263,376960.000000,31845664.000000
379.000213,0,304395,321763,17275,377960.000000,31940172.000000
380.000213,0,305358,322875,17375,378960.000000,32043724.000000
381.000213,0,306346,324092,17615,379960.000000,32151928.000000
382.000213,0,307316,325123,17706,380960.000000,32256118.000000
383.000213,0,308207,326039,17724,381960.000000,32348206.000000
384.000213,0,309193,327140,17822,382960.000000,32454820.000000
385.000213,0,310087,328047,17859,383960.000000,32548032.000000
386.000213,0,311068,329098,17917,384960.000000,32653640.000000
387.000213,0,312046,330112,17952,385960.000000,32758034.000000
388.000213,0,313004,331080,17969,386960.000000,32859208.000000
389.000213,0,313978,332053,17983,387960.000000,32961568.000000
390.000213,0,314945,333094,18035,388960.000000,33063732.000000
391.000213,0,315812,333957,18084,389960.000000,33155040.000000
392.000213,0,316376,334537,18086,390960.000000,33212330.000000
393.000213,0,317205,335389,18099,391960.000000,33298220.000000
394.000213,0,318051,336250,18106,392960.000000,33384772.000000
395.000213,0,318983,337212,18125,393960.000000,33481556.000000
396.000213,0,319930,338173,18153,394960.000000,33580544.000000
397.000213,0,320844,339107,18159,395960.000000,33675028.000000
398.000213,0,321812,340108,18181,396960.000000,33777356.000000
399.000213,0,322651,340942,18193,397960.000000,33864956.000000
400.000213,0,323624,342010,18262,398960.000000,33969464.000000
401.002213,0,324419,342774,18296,399962.000000,34053112.000000
402.000213,0,325087,343487,18302,400960.000000,34122256.000000
403.000213,0,326032,344473,18331,401960.000000,34222088.000000
404.000213,0,326941,345385,18352,402960.000000,34317584.000000
405.000213,0,327904,346419,18401,403960.000000,34420156.000000
406.000213,0,328847,347362,18414,404960.000000,34518680.000000
407.000213,0,329785,348319,18454,405960.000000,34618064.000000
408.000213,0,330679,349237,18463,406960.000000,34710716.000000
409.000213,0,331647,350229,18489,407960.000000,34812336.000000
410.000213,0,332547,351153,18500,408960.000000,34904944.000000
411.000213,0,333433,352059,18526,409960.000000,34996784.000000
412.000213,0,334144,352758,18531,410960.000000,35069576.000000
413.000213,0,335077,353832,18616,411960.000000,35168976.000000
414.000213,0,336064,354880,18709,412960.000000,35274952.000000
415.000213,0,337039,355871,18736,413960.000000,35378336.000000
416.000213,0,337950,356791,18742,414960.000000,35472444.000000
417.000213,0,338922,357847,18808,415960.000000,35576372.000000
418.000213,0,339826,358751,18820,416960.000000,35670720.000000
419.000213,0,340808,359821,18907,417960.000000,35776420.000000
420.000213,0,341764,360791,18926,418960.000000,35876408.000000
421.000213,0,342635,361670,18940,419960.000000,35966672.000000
422.000213,0,343590,362742,19014,420960.000000,36067896.000000
423.000213,0,344566,363737,19077,421960.000000,36171896.000000
424.000213,0,345534,364740,19101,422960.000000,36273896.000000
425.000213,0,346411,365611,19113,423960.000000,36363976.000000
426.000213,0,347288,366548,19143,424960.000000,36456112.000000
427.000213,0,348177,367464,19164,425960.000000,36548756.000000
428.000213,0,349167,368571,19288,426960.000000,36657136.000000
429.000213,0,350016,369385,19302,427960.000000,36745428.000000
430.000213,0,350699,370096,19306,428960.000000,36814888.000000
431.000213,0,351658,371091,19338,429960.000000,36916388.000000
432.000213,0,352461,371915,19348,430960.000000,36999068.000000
433.000213,0,353430,372921,19380,431960.000000,37101372.000000
434.000213,0,354422,373948,19424,432960.000000,37207696.000000
435.000213,0,355358,374875,19433,433960.000000,37305132.000000
436.000213,0,356162,375705,19440,434960.000000,37387776.000000
437.000213,0,357087,376648,19460,435960.000000,37484424.000000
438.000213,0,358051,377618,19477,436960.000000,37585892.000000
439.000213,0,358991,378669,19567,437960.000000,37686144.000000
440.000213,0,359973,379684,19592,438960.000000,37790208.000000
441.000213,0,360875,380591,19611,439960.000000,37883792.000000
442.000213,0,361824,381550,19636,440960.000000,37983540.000000
443.000213,0,362771,382532,19647,441960.000000,38083308.000000
444.000213,0,363677,383457,19663,442960.000000,38177168.000000
445.000213,0,364666,384600,19804,443960.000000,38285404.000000
446.000213,0,365645,385628,19868,444960.000000,38389824.000000
447.000213,0,366577,386568,19903,445960.000000,38488608.000000
448.000213,0,367461,387486,19913,446960.000000,38579780.000000
449.000213,0,368340,388373,19936,447960.000000,38671136.000000
450.000213,0,369319,389400,19962,448960.000000,38775448.000000
451.000213,0,370260,390347,19987,449960.000000,38874240.000000
452.000213,0,371156,391255,20005,450960.000000,38966732.000000
453.000213,0,372121,392249,20023,451960.000000,39068432.000000
454.000213,0,373014,393167,20037,452960.000000,39161240.000000
455.000213,0,373977,394209,20103,453960.000000,39263296.000000
456.000213,0,374777,394993,20135,454960.000000,39346676.000000
457.000213,0,375677,395913,20145,455960.000000,39440080.000000
458.000213,0,376513,396792,20163,456960.000000,39526504.000000
459.000213,0,377505,397853,20241,457960.000000,39634476.000000
460.000213,0,378362,398681,20256,458960.000000,39723096.000000
461.000213,0,379054,399402,20259,459960.000000,39793896.000000
462.000213,0,379993,400375,20276,460960.000000,39892176.000000
463.000213,0,380963,401369,20304,461960.000000,39994808.000000
464.000213,0,381875,402285,20310,462960.000000,40088840.000000
465.000213,0,382783,403249,20342,463960.000000,40184320.000000
466.000213,0,383741,404200,20374,464960.000000,40285048.000000
467.000213,0,384663,405193,20408,465960.000000,40382828.000000
468.000213,0,385600,406153,20467,466960.000000,40482640.000000
469.000213,0,386544,407157,20510,467960.000000,40583464.000000
470.000213,0,387483,408107,20518,468960.000000,40681416.000000
471.000213,0,388454,409106,20538,469960.000000,40784344.000000
472.000213,0,389409,410042,20544,470960.000000,40883768.000000
473.000213,0,390328,410990,20558,471960.000000,40979552.000000
474.000213,0,391297,411966,20564,472960.000000,41080760.000000
475.000213,0,392282,412996,20617,473960.000000,41186380.000000
476.000213,0,393228,413980,20643,474960.000000,41285616.000000
477.000213,0,394178,414960,20666,475960.000000,41385208.000000
478.000213,0,395139,415951,20697,476960.000000,41486528.000000
479.000213,0,396107,416929,20718,477960.000000,41588792.000000
480.000213,0,397013,417852,20731,478960.000000,41682376.000000
481.000213,0,397989,418831,20755,479960.000000,41785916.000000
482.000213,0,398929,419810,20777,480960.000000,41884876.000000
483.000213,0,399847,420734,20789,481960.000000,41979788.000000
484.000213,0,400755,421653,20795,482960.000000,42073764.000000
485.000213,0,401719,422690,20850,483960.000000,42177100.000000
486.000213,0,402704,423720,20908,484960.000000,42282432.000000
487.000213,0,403638,424679,20925,485960.000000,42379876.000000
488.000213,0,404558,425631,20962,486960.000000,42476976.000000
489.000213,0,405445,426554,21027,487960.000000,42571104.000000
490.000213,0,406332,427535,21080,488960.000000,42664436.000000
491.000213,0,407307,428526,21126,489960.000000,42768836.000000
492.000213,0,408170,429417,21134,490960.000000,42858428.000000
493.000213,0,409130,430369,21150,491960.000000,42959664.000000
494.000213,0,410014,431280,21160,492960.000000,43051172.000000
495.000213,0,411001,432285,21170,493960.000000,43155560.000000
496.000213,0,411921,433231,21208,494960.000000,43252968.000000
497.000213,0,412844,434165,21230,495960.000000,43349564.000000
498.000213,0,413751,435081,21242,496960.000000,43443028.000000
499.000213,0,414687,436047,21257,497960.000000,43541072.000000
500.000213,0,415640,437031,21277,498960.000000,43641312.000000
501.000213,0,416630,438057,21311,499960.000000,43747520.000000
502.000213,0,417624,439286,21520,500960.000000,43856664.000000
503.000213,0,418614,440377,21652,501960.000000,43963200.000000
504.000213,0,419539,441282,21659,502960.000000,44058940.000000
505.000213,0,420483,442253,21664,503960.000000,44156972.000000
506.000213,0,421454,443239,21681,504960.000000,44259424.000000
507.000213,0,422412,444222,21706,505960.000000,44359480.000000
508.000213,0,423324,445186,21733,506960.000000,44454740.000000
509.000213,0,424308,446258,21841,507960.000000,44561192.000000
510.000213,0,425240,447180,21857,508960.000000,44658136.000000
511.001213,0,426099,448045,21863,509961.000000,44746348.000000
512.000213,0,426825,448768,21871,510960.000000,44820436.000000
513.000213,0,427482,449463,21875,511960.000000,44887608.000000
514.000213,0,428420,450398,21900,512960.000000,44986632.000000
515.000213,0,429341,451456,21995,513960.000000,45084376.000000
516.000213,0,430280,452397,22018,514960.000000,45182740.000000
517.000213,0,431179,453313,22022,515960.000000,45276208.000000
518.000213,0,432130,454267,22028,516960.000000,45374964.000000
519.000213,0,432989,455116,22042,517960.000000,45464160.000000
520.000213,0,433899,456073,22060,518960.000000,45558984.000000
521.000213,0,434884,457141,22143,519960.000000,45666000.000000
522.000213,0,435815,458071,22162,520960.000000,45763552.000000
523.000213,0,436727,459067,22222,521960.000000,45860368.000000
524.000213,0,437663,460013,22234,522960.000000,45957400.000000
525.000213,0,438644,461063,22287,523960.000000,46062696.000000
526.000213,0,439615,462061,22351,524960.000000,46166220.000000
527.000213,0,440499,462959,22361,525960.000000,46256952.000000
528.000213,0,441439,463931,22373,526960.000000,46354528.000000
529.000213,0,442396,464886,22395,527960.000000,46454976.000000
530.000213,0,443293,465809,22402,528960.000000,46547212.000000
531.000213,0,444267,466822,22465,529960.000000,46651432.000000
532.000213,0,445119,467696,22471,530960.000000,46738348.000000
533.000213,0,446082,468670,22498,531960.000000,46840312.000000
534.000213,0,447007,469606,22509,532960.000000,46936180.000000
535.000213,0,447918,470553,22528,533960.000000,47031164.000000
536.000213,0,448865,471520,22544,534960.000000,47130080.000000
537.000213,0,449847,472553,22591,535960.000000,47235544.000000
538.000213,0,450760,473471,22619,536960.000000,47331232.000000
539.000213,0,451704,474498,22692,537960.000000,47431504.000000
540.000213,0,452607,475408,22707,538960.000000,47524216.000000
541.000213,0,453586,476451,22767,539960.000000,47629300.000000
542.000213,0,454518,477385,22776,540960.000000,47726032.000000
543.000213,0,455475,478382,22805,541960.000000,47827216.000000
544.000213,0,456394,479350,22833,542960.000000,47923156.000000
545.000213,0,457339,480304,22861,543960.000000,48022448.000000
546.000213,0,458215,481173,22868,544960.000000,48112640.000000
547.000213,0,459151,482162,22900,545960.000000,48210836.000000
548.000213,0,460122,483150,22927,546960.000000,48313984.000000
549.000213,0,461067,484108,22939,547960.000000,48411832.000000
550.000213,0,462028,485101,22958,548960.000000,48512460.000000
551.000213,0,463006,486083,22989,549960.000000,48616892.000000
552.000213,0,463926,487030,22995,550960.000000,48712248.000000
553.000213,0,464846,487965,23005,551960.000000,48808232.000000
554.000213,0,465835,489006,23064,552960.000000,48915864.000000
555.000213,0,466733,489902,23071,553960.000000,49008952.000000
556.000213,0,467681,490837,23075,554960.000000,49106928.000000
557.000213,0,468603,491838,23129,555960.000000,49204868.000000
558.000213,0,469497,492741,23144,556960.000000,49297224.000000
559.000213,0,470450,493731,23183,557960.000000,49398112.000000
560.000213,0,471414,494706,23193,558960.000000,49498908.000000
561.000213,0,472377,495717,23228,559960.000000,49600940.000000
562.000213,0,473337,496676,23236,560960.000000,49701076.000000
563.000213,0,474308,497683,23263,561960.000000,49803824.000000
564.000213,0,475268,498648,23281,562960.000000,49904600.000000
565.000213,0,476137,499527,23288,563960.000000,49994144.000000
566.000213,0,477121,500559,23334,564960.000000,50098984.000000
567.000213,0,478041,501499,23344,565960.000000,50194336.000000
568.000213,0,479001,502485,23375,566960.000000,50295468.000000
569.000213,0,479979,503474,23402,567960.000000,50400152.000000
570.000213,0,480923,504483,23445,568960.000000,50499444.000000
571.000213,0,481876,505432,23460,569960.000000,50598616.000000
572.000213,0,482826,506452,23508,570960.000000,50699504.000000
573.000213,0,483817,507520,23587,571960.000000,50807352.000000
574.000213,0,484778,508483,23610,572960.000000,50908200.000000
575.000213,0,485704,509503,23660,573960.000000,51006008.000000
576.000213,0,486647,510488,23734,574960.000000,51106612.000000
577.000213,0,487564,511427,23753,575960.000000,51201844.000000
578.000213,0,488512,512376,23792,576960.000000,51302668.000000
579.000213,0,489186,513079,23810,577960.000000,51372020.000000
580.000213,0,490092,514034,23826,578960.000000,51466968.000000
581.000213,0,490974,514902,23840,579960.000000,51558732.000000
582.000213,0,491900,515849,23852,580960.000000,51654772.000000
583.000213,0,492808,516758,23869,581960.000000,51748760.000000
584.000213,0,493735,517729,23896,582960.000000,51846040.000000
585.000213,0,494640,518654,23904,583960.000000,51939624.000000
586.000213,0,495574,519601,23922,584960.000000,52037016.000000
587.000213,0,496538,520571,23936,585960.000000,52137980.000000
588.000213,0,497505,521576,23964,586960.000000,52240388.000000
589.000213,0,498492,522695,24068,587960.000000,52347144.000000
590.000213,0,499448,523706,24175,588960.000000,52448932.000000
591.000213,0,500331,524664,24212,589960.000000,52541608.000000
592.000213,0,501291,525635,24241,590960.000000,52642616.000000
593.000213,0,502239,526608,24262,591960.000000,52742412.000000
594.000213,0,503218,527613,24308,592960.000000,52846872.000000
595.000213,0,504160,528605,24333,593960.000000,52945764.000000
596.000213,0,505080,529549,24351,594960.000000,53041964.000000
597.000213,0,505922,530389,24377,595960.000000,53129920.000000
598.000213,0,506872,531382,24413,596960.000000,53229496.000000
599.000213,0,507780,532313,24429,597960.000000,53323992.000000
600.000213,0,508703,533247,24438,598960.000000,53419524.000000
601.000213,0,509642,534180,24448,599960.000000,53516304.000000
602.000213,0,510479,535032,24456,600960.000000,53601640.000000
603.000213,0,511461,536056,24485,601960.000000,53705832.000000
604.000213,0,512388,537005,24505,602960.000000,53803012.000000
605.000213,0,513381,538012,24530,603960.000000,53908476.000000
606.000213,0,514294,538935,24540,604960.000000,54002112.000000
607.000213,0,515284,539961,24582,605960.000000,54109032.000000
608.000213,0,516197,540877,24592,606960.000000,54203940.000000
609.000213,0,517146,541952,24687,607960.000000,54305792.000000
610.000213,0,518046,542875,24709,608960.000000,54399792.000000
611.000213,0,519016,543889,24765,609960.000000,54503448.000000
612.000213,0,519959,544840,24774,610960.000000,54601356.000000
613.000213,0,520943,545878,24811,611960.000000,54707128.000000
614.000213,0,521932,546931,24905,612960.000000,54814560.000000
615.000213,0,522895,547943,24936,613960.000000,54915632.000000
616.000213,0,523878,548953,24965,614960.000000,55020480.000000
617.000213,0,524822,549913,24982,615960.000000,55119036.000000
618.000213,0,525804,550940,25024,616960.000000,55224224.000000
619.000213,0,526718,551865,25046,617960.000000,55319304.000000
620.000213,0,527664,552825,25056,618960.000000,55417212.000000
621.000213,0,528593,553766,25069,619960.000000,55513760.000000
622.000213,0,529525,554723,25087,620960.000000,55611360.000000
623.000213,0,530490,555707,25112,621960.000000,55713648.000000
624.000213,0,531394,556619,25125,622960.000000,55807260.000000
625.000213,0,532386,557690,25197,623960.000000,55914712.000000
626.000213,0,533299,558632,25223,624960.000000,56009392.000000
627.000213,0,534280,559640,25256,625960.000000,56113360.000000
628.000213,0,535214,560575,25263,626960.000000,56209932.000000
629.000213,0,536175,561581,25312,627960.000000,56312456.000000
630.000213,0,537096,562524,25320,628960.000000,56407524.000000
631.000213,0,538083,563588,25393,629960.000000,56514164.000000
632.000213,0,538984,564482,25406,630960.000000,56608032.000000
633.000213,0,539897,565418,25419,631960.000000,56702564.000000
634.000213,0,540858,566411,25434,632960.000000,56803532.000000
635.000213,0,541807,567370,25454,633960.000000,56903456.000000
636.000213,0,542799,568400,25493,634960.000000,57010348.000000
637.000213,0,543741,569357,25506,635960.000000,57108056.000000
638.001213,0,544693,570323,25551,636961.000000,57209540.000000
639.000213,0,545617,571290,25568,637960.000000,57306560.000000
640.000213,0,546564,572251,25586,638960.000000,57406204.000000
641.000213,0,547527,573265,25639,639960.000000,57508060.000000
642.000213,0,548457,574204,25653,640960.000000,57604788.000000
643.000213,0,549325,575089,25662,641960.000000,57693376.000000
644.000213,0,550220,575994,25678,642960.000000,57786228.000000
645.000213,0,551160,576963,25714,643960.000000,57885412.000000
646.000213,0,552060,577892,25719,644960.000000,57979044.000000
647.000213,0,552956,578798,25730,645960.000000,58072316.000000
648.000213,0,553915,579759,25744,646960.000000,58172836.000000
649.000213,0,554822,580677,25752,647960.000000,58266372.000000
650.000213,0,555797,581738,25818,648960.000000,58370904.000000
651.000213,0,556784,582771,25885,649960.000000,58477520.000000
652.000213,0,557765,583829,25941,650960.000000,58582272.000000
653.000213,0,558643,584694,25968,651960.000000,58674096.000000
654.000213,0,559500,585592,25981,652960.000000,58763184.000000
655.000213,0,560439,586547,25999,653960.000000,58860560.000000
656.000213,0,561391,587528,26033,654960.000000,58960840.000000
657.000213,0,562293,588418,26044,655960.000000,59054176.000000
658.000213,0,563104,589265,26059,656960.000000,59137784.000000
659.000213,0,564069,590267,26073,657960.000000,59238820.000000
660.000213,0,565028,591279,26135,658960.000000,59340240.000000
661.000213,0,565998,592291,26187,659960.000000,59443200.000000
662.000213,0,566849,593147,26197,660960.000000,59530636.000000
663.000213,0,567782,594092,26206,661960.000000,59627412.000000
664.000213,0,568638,594931,26214,662960.000000,59715224.000000
665.000213,0,569555,595912,26250,663960.000000,59812276.000000
666.000213,0,570541,596922,26273,664960.000000,59917888.000000
667.000213,0,571476,597865,26283,665960.000000,60014772.000000
668.000213,0,572452,598885,26333,666960.000000,60118412.000000
669.000213,0,573375,599815,26348,667960.000000,60214028.000000
670.000213,0,574258,600746,26371,668960.000000,60305896.000000
671.000213,0,575248,601769,26402,669960.000000,60412088.000000
672.000213,0,576236,602804,26459,670960.000000,60518672.000000
673.000213,0,577083,603651,26470,671960.000000,60605776.000000
674.000213,0,578042,604670,26506,672960.000000,60707544.000000
675.000213,0,579029,605776,26638,673960.000000,60814988.000000
676.000213,0,579937,606709,26654,674960.000000,60909564.000000
677.000213,0,580923,607718,26688,675960.000000,61014396.000000
678.000213,0,581842,608643,26698,676960.000000,61109544.000000
679.000213,0,582812,609646,26722,677960.000000,61211376.000000
680.000213,0,583760,610581,26727,678960.000000,61310056.000000
681.000213,0,584723,611581,26750,679960.000000,61411244.000000
682.000213,0,585669,612522,26762,680960.000000,61509580.000000
683.000213,0,586606,613474,26774,681960.000000,61606240.000000
684.000213,0,587513,614407,26792,682960.000000,61700336.000000
685.000213,0,588493,615422,26814,683960.000000,61804600.000000
686.000213,0,589478,616499,26917,684960.000000,61911648.000000
687.000213,0,590335,617346,26927,685960.000000,61999640.000000
688.000213,0,591244,618284,26934,686960.000000,62093076.000000
689.000213,0,592214,619290,26969,687960.000000,62195392.000000
690.000213,0,593152,620252,26986,688960.000000,62293096.000000
691.000213,0,594111,621214,27006,689960.000000,62393704.000000
692.000213,0,595070,622222,27036,690960.000000,62495480.000000
693.000213,0,596043,623192,27054,691960.000000,62598308.000000
694.000213,0,596962,624174,27097,692960.000000,62695056.000000
695.000213,0,597908,625156,27136,693960.000000,62794596.000000
696.000213,0,598859,626115,27149,694960.000000,62894556.000000
697.000213,0,599845,627137,27193,695960.000000,63000540.000000
698.000213,0,600807,628132,27212,696960.000000,63101384.000000
699.000213,0,601704,629039,27239,697960.000000,63194640.000000
700.000213,0,602580,629914,27243,698960.000000,63284432.000000
701.000213,0,603522,630903,27284,699960.000000,63385180.000000
702.000213,0,604467,631863,27295,700960.000000,63484936.000000
703.000213,0,605424,632842,27321,701960.000000,63585676.000000
704.000213,0,606382,633818,27331,702960.000000,63685320.000000
705.000213,0,607322,634769,27341,703960.000000,63782492.000000
706.000213,0,608295,635748,27352,704960.000000,63885064.000000
707.000213,0,609267,636744,27373,705960.000000,63988172.000000
708.000213,0,610191,637673,27385,706960.000000,64084280.000000
709.000213,0,611162,638711,27442,707960.000000,64188544.000000
710.000213,0,612093,639660,27456,708960.000000,64285468.000000
711.000213,0,613034,640621,27490,709960.000000,64384908.000000
712.000213,0,613949,641523,27495,710960.000000,64479144.000000
713.000213,0,614842,642494,27538,711960.000000,64572620.000000
714.000213,0,615678,643295,27550,712960.000000,64658516.000000
715.000213,0,616412,644090,27564,713960.000000,64733880.000000
716.000213,0,617368,645063,27584,714960.000000,64834992.000000
717.000213,0,618321,646047,27606,715960.000000,64934980.000000
718.000213,0,619280,647011,27642,716960.000000,65035600.000000
719.000213,0,620204,647984,27676,717960.000000,65133240.000000
720.000213,0,621175,648975,27696,718960.000000,65235904.000000
721.000213,0,622094,649902,27706,719960.000000,65331492.000000
722.000213,0,623060,650948,27774,720960.000000,65434312.000000
723.000213,0,624025,651919,27792,721960.000000,65535840.000000
724.000213,0,625005,652933,27822,722960.000000,65639800.000000
725.000213,0,625802,653723,27835,723960.000000,65721568.000000
726.000213,0,626715,654692,27859,724960.000000,65818344.000000
727.000213,0,627670,655659,27887,725960.000000,65919536.000000
728.000213,0,628609,656621,27905,726960.000000,66016688.000000
729.000213,0,629578,657613,27933,727960.000000,66118896.000000
730.000213,0,630538,658603,27956,728960.000000,66220224.000000
731.000213,0,631452,659527,27970,729960.000000,66314856.000000
732.000213,0,632407,660509,27991,730960.000000,66414652.000000
733.000213,0,633387,661518,28022,731960.000000,66518280.000000
734.000213,0,634334,662487,28041,732960.000000,66617992.000000
735.000213,0,635270,663450,28065,733960.000000,66715568.000000
736.000213,0,636254,664462,28097,734960.000000,66821096.000000
737.000213,0,637209,665430,28120,735960.000000,66921660.000000
738.000213,0,638167,666396,28130,736960.000000,67021872.000000
739.000213,0,639083,667369,28161,737960.000000,67117304.000000
740.000213,0,640066,668422,28253,738960.000000,67223592.000000
741.000213,0,640972,669339,28263,739960.000000,67316944.000000
742.000213,0,641950,670366,28310,740960.000000,67421544.000000
743.000213,0,642863,671294,28322,741960.000000,67516384.000000
744.000213,0,643790,672206,28329,742960.000000,67612752.000000
745.000213,0,644719,673158,28344,743960.000000,67710096.000000
746.000213,0,645670,674136,28362,744960.000000,67809104.000000
747.000213,0,646616,675074,28369,745960.000000,67907440.000000
748.000213,0,647575,676132,28455,746960.000000,68010056.000000
749.000213,0,648301,676848,28461,747960.000000,68084528.000000
750.000213,0,649177,677751,28473,748960.000000,68175072.000000
751.000213,0,650123,678710,28483,749960.000000,68273424.000000
752.000213,0,651079,679681,28490,750960.000000,68373280.000000
753.000213,0,652031,680639,28506,751960.000000,68473296.000000
754.000213,0,652993,681631,28525,752960.000000,68574576.000000
755.000213,0,653956,682609,28541,753960.000000,68675536.000000
756.000213,0,654924,683576,28567,754960.000000,68778624.000000
757.000213,0,655787,684545,28618,755960.000000,68869008.000000
758.000213,0,656751,685577,28716,756960.000000,68971560.000000
759.000213,0,657733,686605,28754,757960.000000,69076000.000000
760.000213,0,658688,687587,28798,758960.000000,69176952.000000
761.000213,0,659611,688538,28816,759960.000000,69273256.000000
762.000213,0,660599,689546,28849,760960.000000,69379416.000000
763.000213,0,661552,690516,28860,761960.000000,69478760.000000
764.000213,0,662537,691527,28884,762960.000000,69582832.000000
765.000213,0,663438,692449,28893,763960.000000,69675856.000000
766.000213,0,664428,693576,29028,764960.000000,69784512.000000
767.000213,0,665390,694575,29065,765960.000000,69886432.000000
768.000213,0,666370,695604,29107,766960.000000,69991056.000000
769.000213,0,667327,696588,29190,767960.000000,70094328.000000
770.000213,0,668105,697395,29198,768960.000000,70173632.000000
771.000213,0,669066,698431,29256,769960.000000,70275920.000000
772.000213,0,669973,699367,29279,770960.000000,70369760.000000
773.000213,0,670931,700338,29301,771960.000000,70470680.000000
774.000213,0,671866,701291,29332,772960.000000,70568792.000000
775.000213,0,672823,702296,29383,773960.000000,70670256.000000
776.000213,0,673746,703260,29402,774960.000000,70766464.000000
777.000213,0,674694,704223,29442,775960.000000,70867344.000000
778.000213,0,675645,705242,29487,776960.000000,70968224.000000
779.000213,0,676629,706253,29513,777960.000000,71073112.000000
780.000213,0,677573,707202,29528,778960.000000,71171736.000000
781.000213,0,678540,708203,29563,779960.000000,71274560.000000
782.000213,0,679498,709189,29576,780960.000000,71374864.000000
783.000213,0,680470,710190,29601,781960.000000,71477864.000000
784.000213,0,681392,711132,29644,782960.000000,71574560.000000
785.000213,0,682283,712034,29656,783960.000000,71666176.000000
786.000213,0,683234,713019,29684,784960.000000,71766952.000000
787.000213,0,684142,713937,29692,785960.000000,71860744.000000
788.000213,0,685055,714830,29703,786960.000000,71954712.000000
789.000213,0,685887,715697,29713,787960.000000,72041104.000000
790.000213,0,686830,716696,29776,788960.000000,72140768.000000
791.000213,0,687640,717515,29783,789960.000000,72223144.000000
792.000213,0,688531,718424,29794,790960.000000,72314696.000000
793.000213,0,689297,719180,29807,791960.000000,72392864.000000
794.000213,0,690161,720090,29814,792960.000000,72481616.000000
795.000213,0,691109,721055,29834,793960.000000,72580800.000000
796.000213,0,692071,722050,29853,794960.000000,72682032.000000
797.000213,0,692990,722960,29877,795960.000000,72777312.000000
798.000213,0,693913,723909,29888,796960.000000,72872808.000000
799.000213,0,694843,724869,29901,797960.000000,72968800.000000
800.000213,0,695807,725822,29929,798960.000000,73070504.000000
801.000213,0,696752,726794,29938,799960.000000,73169304.000000
802.000213,0,697704,727777,29960,800960.000000,73268792.000000
803.000213,0,698693,728798,29992,801960.000000,73374744.000000
804.000213,0,699622,729751,30014,802960.000000,73472360.000000
805.000213,0,700554,730684,30034,803960.000000,73569488.000000
806.000213,0,701513,731660,30045,804960.000000,73669760.000000
807.000213,0,702437,732602,30049,805960.000000,73764400.000000
808.000213,0,703431,733626,30090,806960.000000,73871064.000000
809.000213,0,704401,734612,30103,807960.000000,73972048.000000
810.000213,0,705379,735613,30127,808960.000000,74076744.000000
811.000213,0,706308,736546,30135,809960.000000,74173128.000000
812.000213,0,707290,737556,30165,810960.000000,74277368.000000
813.000213,0,708137,738407,30171,811960.000000,74364160.000000
814.000213,0,709106,739429,30214,812960.000000,74467648.000000
815.001213,0,710074,740399,30234,813961.000000,74570176.000000
816.000213,0,711019,741364,30241,814960.000000,74667840.000000
817.000213,0,711963,742316,30257,815960.000000,74767000.000000
818.000213,0,712901,743291,30281,816960.000000,74865008.000000
819.000213,0,713877,744284,30304,817960.000000,74968160.000000
820.000213,0,714826,745254,30318,818960.000000,75067216.000000
821.000213,0,715767,746207,30340,819960.000000,75165952.000000
822.000213,0,716744,747252,30395,820960.000000,75271424.000000
823.000213,0,717684,748195,30411,821960.000000,75369192.000000
824.000213,0,718616,749135,30425,822960.000000,75465480.000000
825.000213,0,719569,750129,30451,823960.000000,75565976.000000
826.000213,0,720542,751102,30465,824960.000000,75667776.000000
827.000213,0,721480,752104,30513,825960.000000,75767192.000000
828.000213,0,722410,753053,30526,826960.000000,75864200.000000
829.000213,0,723333,753991,30568,827960.000000,75961576.000000
830.000213,0,724276,754983,30612,828960.000000,76061576.000000
831.000213,0,725241,755980,30633,829960.000000,76164248.000000
832.000213,0,726211,756981,30657,830960.000000,76266672.000000
833.000213,0,727183,757959,30675,831960.000000,76369584.000000
834.000213,0,728167,759078,30801,832960.000000,76476280.000000
835.000213,0,729115,760056,30817,833960.000000,76574672.000000
836.000213,0,730067,761024,30871,834960.000000,76675936.000000
837.000213,0,731002,761998,30881,835960.000000,76772592.000000
838.000213,0,731966,762970,30899,836960.000000,76874200.000000
839.000213,0,732898,763908,30908,837960.000000,76970336.000000
840.000213,0,733881,764911,30922,838960.000000,77075072.000000
841.000213,0,734865,765898,30936,839960.000000,77179224.000000
842.000213,0,735829,766888,30962,840960.000000,77280800.000000
843.000213,0,736784,767883,30980,841960.000000,77380432.000000
844.000213,0,737733,768834,31002,842960.000000,77479328.000000
845.000213,0,738645,769751,31016,843960.000000,77573128.000000
846.000213,0,739598,770741,31037,844960.000000,77673504.000000
847.000213,0,740496,771655,31044,845960.000000,77765832.000000
848.000213,0,741460,772643,31084,846960.000000,77867552.000000
849.000213,0,742397,773599,31095,847960.000000,77964336.000000
850.000213,0,743368,774588,31111,848960.000000,78067008.000000
851.000213,0,744338,775559,31117,849960.000000,78167408.000000
852.000213,0,745289,776567,31159,850960.000000,78267784.000000
853.000213,0,746267,777572,31207,851960.000000,78372520.000000
854.000213,0,747207,778521,31215,852960.000000,78469720.000000
855.000213,0,748171,779498,31227,853960.000000,78570592.000000
856.000213,0,749118,780465,31237,854960.000000,78669312.000000
857.000213,0,750097,781480,31274,855960.000000,78773760.000000
858.000213,0,751062,782461,31289,856960.000000,78874752.000000
859.000213,0,752022,783467,31367,857960.000000,78977384.000000
860.000213,0,752786,784268,31378,858960.000000,79055440.000000
861.000213,0,753681,785183,31387,859960.000000,79147584.000000
862.001213,0,754568,786045,31397,860961.000000,79239632.000000
863.000213,0,755463,786969,31407,861960.000000,79332744.000000
864.000213,0,756361,787889,31418,862960.000000,79425032.000000
865.000213,0,757349,788894,31437,863960.000000,79530560.000000
866.000213,0,758337,789932,31490,864960.000000,79636216.000000
867.000213,0,759254,790911,31540,865960.000000,79733640.000000
868.000213,0,760209,791868,31556,866960.000000,79833808.000000
869.000213,0,761194,792860,31570,867960.000000,79938392.000000
870.000213,0,762151,793861,31602,868960.000000,80039072.000000
871.000213,0,763131,794858,31616,869960.000000,80142848.000000
872.000213,0,764115,795874,31656,870960.000000,80248400.000000
873.000213,0,764999,796763,31664,871960.000000,80338776.000000
874.000213,0,765955,797770,31699,872960.000000,80439992.000000
875.000213,0,766881,798711,31730,873960.000000,80536736.000000
876.000213,0,767847,799764,31806,874960.000000,80640328.000000
877.000213,0,768746,800677,31816,875960.000000,80733152.000000
878.000213,0,769720,801656,31837,876960.000000,80836752.000000
879.000213,0,770604,802571,31877,877960.000000,80928976.000000
880.000213,0,771504,803490,31892,878960.000000,81021640.000000
881.000213,0,772402,804421,31901,879960.000000,81113848.000000
882.000213,0,773300,805337,31920,880960.000000,81207760.000000
883.000213,0,774271,806309,31936,881960.000000,81308808.000000
884.000213,0,775223,807289,31953,882960.000000,81408208.000000
885.000213,0,776192,808270,31975,883960.000000,81510312.000000
886.000213,0,777151,809250,31990,884960.000000,81610744.000000
887.000213,0,778131,810263,32025,885960.000000,81715360.000000
888.000213,0,779113,811298,32077,886960.000000,81821176.000000
889.000213,0,780049,812247,32093,887960.000000,81918136.000000
890.000213,0,780985,813198,32120,888960.000000,82016880.000000
891.000213,0,781950,814244,32180,889960.000000,82119744.000000
892.000213,0,782869,815165,32188,890960.000000,82214960.000000
893.000213,0,783818,816143,32206,891960.000000,82314624.000000
894.000213,0,784764,817099,32226,892960.000000,82413232.000000
895.000213,0,785741,818076,32236,893960.000000,82515472.000000
896.000213,0,786712,819057,32245,894960.000000,82617240.000000
897.000213,0,787684,820080,32270,895960.000000,82719536.000000
898.000213,0,788625,821037,32297,896960.000000,82819224.000000
899.000213,0,789601,822016,32314,897960.000000,82922056.000000
900.000213,0,790550,822998,32335,898960.000000,83020992.000000
901.000213,0,791495,823959,32346,899960.000000,83119376.000000
902.000213,0,792435,824898,32371,900960.000000,83218056.000000
903.000213,0,793395,825916,32403,901960.000000,83320328.000000
904.000213,0,794339,826859,32418,902960.000000,83419392.000000
905.000213,0,795298,827839,32430,903960.000000,83519008.000000
906.000213,0,796274,828891,32486,904960.000000,83622864.000000
907.000213,0,797216,829848,32533,905960.000000,83721952.000000
908.000213,0,798162,830820,32546,906960.000000,83820488.000000
909.000213,0,799141,831840,32571,907960.000000,83924664.000000
910.000213,0,800056,832761,32592,908960.000000,84019664.000000
911.000213,0,801016,833749,32618,909960.000000,84121376.000000
912.000213,0,801926,834666,32640,910960.000000,84215560.000000
913.000213,0,802870,835646,32676,911960.000000,84314240.000000
914.000213,0,803854,836669,32726,912960.000000,84420136.000000
915.000213,0,804770,837609,32749,913960.000000,84515800.000000
916.000213,0,805723,838591,32763,914960.000000,84616104.000000
917.000213,0,806689,839563,32773,915960.000000,84716488.000000
918.000213,0,807646,840544,32793,916960.000000,84815984.000000
919.000213,0,808614,841549,32824,917960.000000,84918928.000000
920.000213,0,809577,842530,32835,918960.000000,85019288.000000
921.000213,0,810520,843488,32855,919960.000000,85117672.000000
922.000213,0,811499,844498,32883,920960.000000,85221296.000000
923.000213,0,812472,845482,32924,921960.000000,85324984.000000
924.000213,0,813394,846429,32941,922960.000000,85420704.000000
925.000213,0,814332,847394,32959,923960.000000,85518680.000000
926.000213,0,815242,848335,32973,924960.000000,85612648.000000
927.000213,0,816214,849356,33024,925960.000000,85716448.000000
928.000213,0,817171,850333,33050,926960.000000,85817176.000000
929.000213,0,818141,851309,33067,927960.000000,85918808.000000
930.000213,0,819115,852311,33098,928960.000000,86021920.000000
931.000213,0,820082,853313,33116,929960.000000,86123824.000000
932.000213,0,821040,854288,33136,930960.000000,86224968.000000
933.000213,0,821985,855262,33159,931960.000000,86324048.000000
934.000213,0,822928,856203,33173,932960.000000,86422208.000000
935.000213,0,823872,857175,33209,933960.000000,86522112.000000
936.000213,0,824844,858195,33254,934960.000000,86626112.000000
937.000213,0,825750,859166,33288,935960.000000,86721424.000000
938.000213,0,826686,860121,33343,936960.000000,86820592.000000
939.000213,0,827630,861085,33351,937960.000000,86918808.000000
940.000213,0,828569,862031,33361,938960.000000,87015864.000000
941.000213,0,829514,862990,33383,939960.000000,87114952.000000
942.000213,0,830457,863967,33397,940960.000000,87213376.000000
943.000213,0,831411,864946,33422,941960.000000,87314560.000000
944.000213,0,832348,865896,33433,942960.000000,87411560.000000
945.000213,0,833287,866829,33448,943960.000000,87509160.000000
946.000213,0,834265,867888,33511,944960.000000,87614176.000000
947.000213,0,835218,868854,33522,945960.000000,87714272.000000
948.000213,0,836186,869832,33543,946960.000000,87816232.000000
949.000213,0,837168,870849,33572,947960.000000,87921848.000000
950.000213,0,838148,871849,33591,948960.000000,88025536.000000
951.000213,0,839101,872803,33606,949960.000000,88125168.000000
952.000213,0,840077,873829,33649,950960.000000,88230120.000000
953.000213,0,840988,874733,33657,951960.000000,88324160.000000
954.000213,0,841920,875685,33674,952960.000000,88421120.000000
955.000213,0,842880,876672,33699,953960.000000,88522592.000000
956.000213,0,843824,877668,33738,954960.000000,88622448.000000
957.000213,0,844777,878632,33757,955960.000000,88722080.000000
958.000213,0,845740,879627,33809,956960.000000,88824936.000000
959.000213,0,846674,880610,33818,957960.000000,88922768.000000
960.000213,0,847652,881601,33849,958960.000000,89026392.000000
961.000213,0,848617,882579,33859,959960.000000,89126968.000000
962.000213,0,849580,883550,33872,960960.000000,89227360.000000
963.000213,0,850506,884495,33888,961960.000000,89322608.000000
964.000213,0,851472,885490,33929,962960.000000,89424856.000000
965.000213,0,852288,886327,33941,963960.000000,89508064.000000
966.000213,0,853255,887310,33956,964960.000000,89609520.000000
967.000213,0,854238,888333,33979,965960.000000,89714128.000000
968.000213,0,855225,889337,34019,966960.000000,89820536.000000
969.000213,0,856195,890356,34059,967960.000000,89923880.000000
970.002213,0,857110,891269,34073,968962.000000,90017616.000000
971.000213,0,858064,892263,34089,969960.000000,90118504.000000
972.000213,0,859028,893238,34105,970960.000000,90219848.000000
973.000213,0,859988,894222,34128,971960.000000,90321024.000000
974.000213,0,860964,895226,34157,972960.000000,90424464.000000
975.000213,0,861922,896193,34172,973960.000000,90524144.000000
976.000213,0,862906,897198,34191,974960.000000,90629512.000000
977.000213,0,863883,898201,34204,975960.000000,90732160.000000
978.000213,0,864801,899133,34223,976960.000000,90827752.000000
979.000213,0,865736,900063,34234,977960.000000,90924896.000000
980.000213,0,866691,901053,34268,978960.000000,91025824.000000
981.000213,0,867634,902018,34279,979960.000000,91123968.000000
982.000213,0,868585,903022,34324,980960.000000,91224960.000000
983.000213,0,869552,904011,34351,981960.000000,91326576.000000
984.000213,0,870537,905015,34364,982960.000000,91431696.000000
985.000213,0,871524,906012,34386,983960.000000,91537304.000000
986.000213,0,872497,907001,34404,984960.000000,91639104.000000
987.000213,0,873460,908001,34439,985960.000000,91740976.000000
988.000213,0,874406,908958,34452,986960.000000,91839248.000000
989.000213,0,875352,909921,34472,987960.000000,91938016.000000
990.000213,0,876304,910886,34490,988960.000000,92037432.000000
991.000213,0,877263,911867,34502,989960.000000,92137992.000000
992.000213,0,878233,912851,34521,990960.000000,92239664.000000
993.000213,0,879189,913841,34534,991960.000000,92339064.000000
994.000213,0,880143,914802,34556,992960.000000,92439520.000000
995.000213,0,881133,915814,34566,993960.000000,92544544.000000
996.000213,0,882119,916819,34594,994960.000000,92649000.000000
997.000213,0,883086,917825,34619,995960.000000,92750648.000000
998.000213,0,884059,918795,34639,996960.000000,92853208.000000
999.000213,0,885023,919771,34660,997960.000000,92954944.000000
1000.000213,0,885983,920839,34734,998960.000000,93058496.000000
1001.000213,0,886898,921764,34759,999960.000000,93154072.000000
1002.000213,0,887856,922725,34771,1000960.000000,93253880.000000
1003.000213,0,888780,923653,34776,1001960.000000,93348512.000000
1004.000213,0,889755,924658,34806,1002960.000000,93452384.000000
1005.000213,0,890730,925667,34822,1003960.000000,93555728.000000
1006.000213,0,891702,926661,34853,1004960.000000,93658784.000000
1007.000213,0,892677,927637,34872,1005960.000000,93761616.000000
1008.000213,0,893615,928612,34896,1006960.000000,93859600.000000
1009.000213,0,894523,929520,34909,1007960.000000,93952496.000000
1010.000213,0,895434,930462,34924,1008960.000000,94047928.000000
1011.000213,0,896369,931395,34931,1009960.000000,94144248.000000
1012.000213,0,897327,932376,34945,1010960.000000,94244632.000000
1013.000213,0,898263,933330,34957,1011960.000000,94341296.000000
1014.000213,0,899192,934262,34967,1012960.000000,94437312.000000
1015.000213,0,900177,935264,34988,1013960.000000,94540808.000000
1016.000213,0,901156,936278,35010,1014960.000000,94645016.000000
1017.000213,0,902111,937247,35022,1015960.000000,94743824.000000
1018.000213,0,903077,938251,35056,1016960.000000,94846192.000000
1019.000213,0,904026,939232,35086,1017960.000000,94945280.000000
1020.000213,0,904989,940215,35115,1018960.000000,95046704.000000
1021.000213,0,905975,941209,35127,1019960.000000,95150624.000000
1022.000213,0,906958,942250,35179,1020960.000000,95256896.000000
1023.000213,0,907908,943230,35200,1021960.000000,95356768.000000
1024.000213,0,908887,944233,35252,1022960.000000,95461096.000000
1025.000213,0,909774,945129,35260,1023960.000000,95551704.000000
1026.000213,0,910710,946093,35279,1024960.000000,95650984.000000
1027.000213,0,911700,947104,35303,1025960.000000,95756568.000000
1028.000213,0,912629,948061,35320,1026960.000000,95852952.000000
1029.000213,0,913613,949066,35338,1027960.000000,95957328.000000
1030.000213,0,914552,950007,35359,1028960.000000,96055976.000000
1031.000213,0,915492,950976,35383,1029960.000000,96154024.000000
1032.000213,0,916410,951898,35394,1030960.000000,96248816.000000
1033.000213,0,917380,952901,35413,1031960.000000,96350840.000000
1034.000213,0,918359,953917,35459,1032960.000000,96454760.000000
1035.000213,0,919234,954809,35468,1033960.000000,96544608.000000
1036.000213,0,920221,955828,35488,1034960.000000,96650160.000000
1037.000213,0,921183,956806,35513,1035960.000000,96751752.000000
1038.000213,0,922157,957797,35530,1036960.000000,96854032.000000
1039.000213,0,923110,958758,35549,1037960.000000,96953456.000000
1040.000213,0,924067,959744,35571,1038960.000000,97054392.000000
1041.000213,0,925034,960727,35592,1039960.000000,97156192.000000
1042.000213,0,926002,961717,35608,1040960.000000,97257016.000000
1043.000213,0,926987,962746,35646,1041960.000000,97362496.000000
1044.000213,0,927932,963691,35654,1042960.000000,97461152.000000
1045.000213,0,928898,964683,35700,1043960.000000,97563920.000000
1046.000213,0,929850,965662,35716,1044960.000000,97663416.000000
1047.000213,0,930809,966671,35740,1045960.000000,97764192.000000
1048.000213,0,931782,967671,35804,1046960.000000,97869184.000000
1049.000213,0,932703,968623,35817,1047960.000000,97965000.000000
1050.000213,0,933683,969618,35828,1048960.000000,98067600.000000
1051.000213,0,934646,970601,35847,1049960.000000,98169024.000000
1052.000213,0,935617,971591,35876,1050960.000000,98271632.000000
1053.000213,0,936574,972557,35883,1051960.000000,98371336.000000
1054.000213,0,937536,973533,35896,1052960.000000,98472072.000000
1055.000213,0,938518,974544,35915,1053960.000000,98576504.000000
1056.000213,0,939433,975467,35931,1054960.000000,98671896.000000
1057.000213,0,940407,976500,35989,1055960.000000,98775528.000000
1058.000213,0,941390,977504,36009,1056960.000000,98880352.000000
1059.000213,0,942358,978471,36018,1057960.000000,98981024.000000
1060.000213,0,943312,979476,36056,1058960.000000,99081480.000000
1061.000213,0,944257,980426,36064,1059960.000000,99180160.000000
1062.000213,0,945211,981401,36072,1060960.000000,99279936.000000
1063.000213,0,946192,982409,36112,1061960.000000,99385480.000000
1064.000213,0,947167,983401,36120,1062960.000000,99486752.000000
1065.000213,0,948118,984373,36152,1063960.000000,99587792.000000
1066.000213,0,949101,985386,36178,1064960.000000,99692616.000000
1067.000213,0,950085,986378,36194,1065960.000000,99795920.000000
1068.000213,0,951052,987424,36255,1066960.000000,99898808.000000
1069.000213,0,951975,988354,36273,1067960.000000,99994928.000000
1070.000213,0,952956,989367,36301,1068960.000000,100099960.000000
1071.000213,0,953902,990313,36314,1069960.000000,100197832.000000
1072.000213,0,954869,991316,36336,1070960.000000,100299792.000000
1073.000213,0,955857,992311,36345,1071960.000000,100404368.000000
1074.000213,0,956773,993252,36354,1072960.000000,100499056.000000
1075.000213,0,957693,994193,36397,1073960.000000,100595584.000000
1076.000213,0,958666,995202,36429,1074960.000000,100699176.000000
1077.000213,0,959623,996170,36449,1075960.000000,100798336.000000
1078.000213,0,960586,997166,36473,1076960.000000,100899656.000000
1079.000213,0,961575,998178,36489,1077960.000000,101003872.000000
1080.000213,0,962520,999137,36504,1078960.000000,101102448.000000
1081.000213,0,963466,1000093,36519,1079960.000000,101200432.000000
1082.000213,0,964425,1001074,36538,1080960.000000,101300944.000000
1083.000213,0,965388,1002044,36553,1081960.000000,101400872.000000
1084.000213,0,966374,1003058,36573,1082960.000000,101505568.000000
1085.000213,0,967358,1004050,36598,1083960.000000,101610528.000000
1086.000213,0,968306,1005018,36609,1084960.000000,101709040.000000
1087.000213,0,969271,1006000,36635,1085960.000000,101811408.000000
1088.000213,0,970185,1006942,36654,1086960.000000,101905888.000000
1089.000213,0,971147,1007939,36693,1087960.000000,102007808.000000
1090.000213,0,972116,1008932,36710,1088960.000000,102109504.000000
1091.000213,0,973099,1009942,36733,1089960.000000,102213528.000000
1092.000213,0,974031,1010865,36739,1090960.000000,102309952.000000
1093.000213,0,974995,1011858,36756,1091960.000000,102411624.000000
1094.000213,0,975983,1012871,36776,1092960.000000,102516840.000000
1095.000213,0,976954,1013847,36787,1093960.000000,102617880.000000
1096.000213,0,977941,1014861,36807,1094960.000000,102722832.000000
1097.000213,0,978908,1015848,36822,1095960.000000,102825848.000000
1098.000213,0,979887,1016838,36840,1096960.000000,102929136.000000
1099.000213,0,980862,1017818,36859,1097960.000000,103032240.000000
1100.000213,0,981845,1018827,36878,1098960.000000,103136080.000000
1101.000213,0,982811,1019817,36893,1099960.000000,103236784.000000
1102.000213,0,983785,1020793,36916,1100960.000000,103339800.000000
1103.000213,0,984740,1021774,36931,1101960.000000,103439240.000000
1104.000213,0,985704,1022757,36945,1102960.000000,103539264.000000
1105.000213,0,986680,1023748,36959,1103960.000000,103641904.000000
1106.000213,0,987659,1024752,36974,1104960.000000,103746096.000000
1107.000213,0,988622,1025751,37035,1105960.000000,103849568.000000
1108.000213,0,989568,1026756,37070,1106960.000000,103948960.000000
1109.000213,0,990554,1027773,37125,1107960.000000,104054952.000000
1110.000213,0,991485,1028732,37144,1108960.000000,104151728.000000
1111.000213,0,992455,1029705,37154,1109960.000000,104252592.000000
1112.000213,0,993427,1030724,37188,1110960.000000,104356320.000000
1113.000213,0,994404,1031716,37203,1111960.000000,104459008.000000
1114.000213,0,995372,1032702,37228,1112960.000000,104561752.000000
1115.000213,0,996334,1033686,37258,1113960.000000,104663328.000000
1116.000213,0,997231,1034606,37265,1114960.000000,104755432.000000
1117.000213,0,998196,1035594,37297,1115960.000000,104857856.000000
1118.000213,0,999126,1036544,37310,1116960.000000,104953664.000000
1119.000213,0,1000105,1037541,37321,1117960.000000,105056912.000000
1120.000213,0,1001068,1038518,37339,1118960.000000,105158488.000000
1121.000213,0,1002041,1039495,37348,1119960.000000,105261352.000000
1122.000213,0,1003020,1040503,37380,1120960.000000,105366312.000000
1123.000213,0,1003987,1041481,37396,1121960.000000,105467920.000000
1124.000213,0,1004963,1042483,37425,1122960.000000,105572656.000000
1125.000213,0,1005908,1043455,37445,1123960.000000,105671432.000000
1126.000213,0,1006873,1044452,37473,1124960.000000,105773208.000000
1127.000213,0,1007841,1045432,37481,1125960.000000,105874696.000000
1128.000213,0,1008818,1046426,37498,1126960.000000,105977600.000000
1129.000213,0,1009797,1047433,37529,1127960.000000,106082144.000000
1130.000213,0,1010781,1048431,37545,1128960.000000,106186440.000000
1131.000213,0,1011748,1049431,37561,1129960.000000,106287792.000000
1132.000213,0,1012731,1050427,37581,1130960.000000,106392160.000000
1133.000213,0,1013710,1051416,37600,1131960.000000,106495872.000000
1134.000213,0,1014686,1052435,37649,1132960.000000,106599368.000000
1135.000213,0,1015656,1053434,37663,1133960.000000,106700832.000000
1136.000213,0,1016643,1054433,37679,1134960.000000,106806128.000000
1137.000213,0,1017616,1055423,37711,1135960.000000,106909848.000000
1138.000213,0,1018547,1056374,37725,1136960.000000,107006536.000000
1139.000213,0,1019530,1057366,37740,1137960.000000,107109800.000000
1140.000213,0,1020435,1058300,37758,1138960.000000,107204136.000000
1141.000213,0,1021422,1059300,37773,1139960.000000,107308696.000000
1142.001213,0,1022380,1060267,37788,1140961.000000,107408632.000000
1143.000213,0,1023343,1061258,37813,1141960.000000,107510048.000000
1144.000213,0,1024307,1062235,37829,1142960.000000,107610320.000000
1145.000213,0,1025274,1063211,37837,1143960.000000,107710744.000000
1146.000213,0,1026240,1064209,37864,1144960.000000,107812440.000000
1147.000213,0,1027162,1065126,37874,1145960.000000,107907160.000000
1148.000213,0,1028076,1066053,37885,1146960.000000,108000784.000000
1149.000213,0,1029040,1067036,37897,1147960.000000,108101800.000000
1150.000213,0,1029992,1068023,37921,1148960.000000,108202000.000000
1151.000213,0,1030968,1069023,37943,1149960.000000,108305008.000000
1152.000213,0,1031935,1070011,37976,1150960.000000,108407568.000000
1153.000213,0,1032882,1070986,38004,1151960.000000,108506584.000000
1154.000213,0,1033811,1071953,38041,1152960.000000,108604104.000000
1155.000213,0,1034789,1072974,38081,1153960.000000,108707672.000000
1156.000213,0,1035750,1073965,38115,1154960.000000,108808592.000000
1157.000213,0,1036703,1074966,38147,1155960.000000,108908608.000000
1158.000213,0,1037664,1075952,38169,1156960.000000,109010240.000000
1159.000213,0,1038639,1076925,38189,1157960.000000,109111992.000000
1160.000213,0,1039609,1077921,38209,1158960.000000,109214640.000000
1161.000213,0,1040582,1078910,38223,1159960.000000,109316144.000000
1162.000213,0,1041502,1079852,38255,1160960.000000,109412840.000000
1163.000213,0,1042467,1080852,38278,1161960.000000,109514864.000000
1164.000213,0,1043430,1081823,38295,1162960.000000,109614944.000000
1165.000213,0,1044391,1082808,38310,1163960.000000,109715584.000000
1166.000213,0,1045375,1083811,38316,1164960.000000,109819608.000000
1167.000213,0,1046338,1084769,38344,1165960.000000,109921256.000000
1168.000213,0,1047285,1085748,38357,1166960.000000,110019664.000000
1169.000213,0,1048248,1086727,38368,1167960.000000,110120440.000000
1170.000213,0,1049237,1087734,38390,1168960.000000,110226112.000000
1171.000213,0,1050219,1088732,38407,1169960.000000,110330648.000000
1172.000213,0,1051201,1089766,38458,1170960.000000,110435952.000000
1173.000213,0,1052173,1090749,38481,1171960.000000,110538280.000000
1174.000213,0,1053103,1091698,38488,1172960.000000,110634080.000000
1175.000213,0,1054079,1092680,38501,1173960.000000,110736576.000000
1176.000213,0,1055057,1093711,38541,1174960.000000,110841560.000000
1177.000213,0,1055997,1094633,38544,1175960.000000,110939168.000000
1178.000213,0,1056950,1095619,38565,1176960.000000,111039432.000000
1179.000213,0,1057881,1096563,38573,1177960.000000,111135448.000000
1180.000213,0,1058857,1097551,38587,1178960.000000,111237464.000000
1181.000213,0,1059818,1098532,38603,1179960.000000,111337920.000000
1182.000213,0,1060813,1099541,38622,1180960.000000,111445328.000000
1183.000213,0,1061802,1100548,38648,1181960.000000,111550712.000000
1184.000213,0,1062759,1101528,38667,1182960.000000,111651104.000000
1185.000213,0,1063678,1102470,38674,1183960.000000,111745936.000000
1186.000213,0,1064664,1103486,38707,1184960.000000,111851080.000000
1187.000213,0,1065646,1104483,38736,1185960.000000,111957136.000000
1188.000213,0,1066618,1105476,38752,1186960.000000,112059800.000000
1189.000213,0,1067588,1106490,38789,1187960.000000,112163032.000000
1190.000213,0,1068578,1107499,38824,1188960.000000,112269512.000000
1191.000213,0,1069518,1108436,38830,1189960.000000,112366160.000000
1192.000213,0,1070477,1109425,38842,1190960.000000,112466688.000000
1193.000213,0,1071418,1110374,38858,1191960.000000,112564808.000000
1194.000213,0,1072364,1111349,38871,1192960.000000,112663272.000000
1195.000213,0,1073341,1112355,38905,1193960.000000,112767592.000000
1196.000213,0,1074309,1113330,38917,1194960.000000,112868392.000000
1197.000213,0,1075278,1114317,38939,1195960.000000,112970808.000000
1198.000213,0,1076252,1115306,38954,1196960.000000,113073136.000000
1199.000213,0,1077232,1116345,38996,1197960.000000,113177712.000000
