time,sender_number,packets_received,packets_sent,packets_lost,sending_duration,total_delay
1.001197,0,30,34,1,480.000000,1516.500000
1.001197,1,70,73,0,366.594513,3550.500000
2.011197,0,89,93,1,985.000000,4500.500000
2.011197,1,146,150,1,871.594543,7396.000000
3.002508,0,143,146,1,1480.655518,7231.000000
3.002508,1,196,200,2,1367.250000,9923.000000
4.015008,0,174,179,1,1986.905518,8798.000000
4.015008,1,256,264,3,1873.500000,12958.500000
5.026508,0,344,355,5,2492.655518,17420.000000
5.026508,1,343,357,4,2379.250000,17371.500000
6.009197,0,461,477,6,2984.000000,23344.500000
6.009197,1,450,456,4,2870.594482,22784.500000
7.006008,0,684,707,8,3482.405518,34633.000000
7.006008,1,493,498,4,3369.000000,24957.000000
8.019508,0,1115,1152,11,3989.155518,56541.500000
8.019508,1,550,561,4,3875.750000,27840.500000
9.000197,0,1629,1683,15,4479.500000,82574.500000
9.000197,1,704,715,5,4366.094727,35630.500000
10.003697,0,2679,2772,24,4981.250000,136192.000000
10.003697,1,816,824,6,4867.844727,41301.878906
11.000197,0,4288,4458,56,5479.500000,219416.500000
11.000197,1,896,915,8,5366.094727,45477.378906
12.000197,0,6065,6809,604,5979.500000,317217.500000
12.000197,1,1097,1221,94,5866.094727,56541.878906
13.000197,0,7787,9560,1592,6479.500000,412384.000000
13.000197,1,1363,1533,162,6366.094727,71189.375000
14.000197,0,9614,12205,2495,6979.500000,512904.500000
14.000197,1,1518,1726,195,6866.094727,79744.875000
15.000197,0,10843,13389,2510,7479.500000,575941.500000
15.000197,1,1747,1965,201,7366.094727,91431.375000
16.000197,0,11371,13901,2512,7979.500000,602644.000000
16.000197,1,1955,2169,202,7866.094727,101974.875000
17.003197,0,11655,14172,2514,8481.000000,617009.000000
17.003197,1,2233,2448,203,8367.594727,116061.875000
18.015697,0,11802,14323,2516,8987.250000,624452.000000
18.015697,1,2455,2672,205,8873.844727,127289.375000
19.000197,0,11868,14390,2517,9479.500000,627790.000000
19.000197,1,2648,2864,205,9366.094727,137053.375000
20.010197,0,11908,14428,2517,9984.500000,629810.000000
20.010197,1,2854,3069,207,9871.094727,147481.875000
21.000197,0,11949,14469,2517,10479.500000,631881.000000
21.000197,1,3030,3246,209,10366.094727,156391.375000
22.012197,0,11995,14513,2517,10985.500000,634205.000000
22.012197,1,3128,3340,210,10872.094727,161344.375000
23.000197,0,12052,14572,2518,11479.500000,637089.000000
23.000197,1,3181,3396,211,11366.094727,164026.375000
24.014197,0,12103,14624,2518,11986.500000,639667.000000
24.014197,1,3236,3449,212,11873.094727,166808.375000
25.000197,0,12147,14669,2520,12479.500000,641895.000000
25.000197,1,3276,3489,212,12366.094727,168829.375000
26.011697,0,12216,14743,2521,12985.250000,645388.000000
26.011697,1,3320,3537,213,12871.844727,171058.375000
27.024197,0,12346,14874,2523,13491.500000,651969.000000
27.024197,1,3378,3594,214,13378.094727,173989.875000
28.010697,0,12416,14942,2524,13984.750000,655505.000000
28.010697,1,3433,3651,214,13871.344727,176770.875000
29.024697,0,12458,14984,2524,14491.750000,657627.500000
29.024697,1,3471,3690,217,14378.344727,178690.875000
30.006697,0,12540,15069,2524,14982.750000,661775.000000
30.006697,1,3578,3804,217,14869.344727,184104.875000
31.000197,0,12585,15111,2524,15479.500000,664047.500000
31.000197,1,3694,3918,219,15366.094727,189973.875000
32.013197,0,12629,15157,2525,15986.000000,666272.000000
32.013197,1,3845,4075,223,15872.594727,197626.375000
33.027697,0,12675,15203,2526,16493.250000,668595.500000
33.027697,1,3938,4169,226,16379.844727,202333.875000
34.009697,0,12748,15280,2528,16984.250000,672287.000000
34.009697,1,3980,4210,227,16870.843750,204455.875000
35.002197,0,12801,15330,2528,17480.500000,674966.500000
35.002197,1,4017,4246,227,17367.093750,206325.375000
36.016197,0,12869,15404,2529,17987.500000,678407.500000
36.016197,1,4067,4298,227,17874.093750,208854.875000
37.027697,0,12962,15501,2529,18493.250000,683111.500000
37.027697,1,4118,4353,228,18379.843750,211433.375000
38.006197,0,13123,15657,2529,18982.500000,691259.500000
38.006197,1,4191,4422,228,18869.093750,215121.875000
39.004197,0,13185,15717,2530,19481.500000,694392.000000
39.004197,1,4296,4534,230,19368.093750,220447.875000
40.015197,0,13205,15736,2530,19987.000000,695402.000000
40.015197,1,4520,4769,231,19873.593750,231804.375000
41.028197,0,13229,15762,2530,20493.500000,696621.000000
41.028197,1,4972,5236,231,20380.093750,254761.375000
42.000197,0,13363,15903,2531,20979.500000,703463.500000
42.000197,1,5800,6090,240,20866.093750,297177.875000
43.000197,0,13530,16069,2532,21479.500000,711983.000000
43.000197,1,7116,7448,250,21366.093750,364483.875000
44.000197,0,13661,16202,2535,21979.500000,718637.000000
44.000197,1,8633,8996,268,21866.093750,441963.375000
45.000197,0,13752,16305,2541,22479.500000,723592.500000
45.000197,1,10504,11032,407,22366.093750,543040.375000
46.000197,0,13902,16465,2552,22979.500000,731804.500000
46.000197,1,12335,13152,721,22866.093750,643334.375000
47.000197,0,14072,16634,2555,23479.500000,740588.500000
47.000197,1,13849,14656,739,23366.093750,721196.375000
48.000197,0,14211,16774,2556,23979.500000,747648.500000
48.000197,1,15291,16114,752,23866.093750,794494.375000
49.000197,0,14275,16834,2556,24479.500000,750900.000000
49.000197,1,16821,17675,762,24366.093750,872315.375000
50.000197,0,14310,16869,2556,24979.500000,752695.500000
50.000197,1,18511,19383,781,24866.093750,958725.375000
51.000197,0,14324,16882,2556,25479.500000,753417.000000
51.000197,1,20333,21226,794,25366.093750,1052888.875000
52.000197,0,14346,16908,2556,25979.500000,754533.000000
52.000197,1,22056,22945,812,25866.093750,1140991.375000
53.000197,0,14392,16951,2556,26479.500000,756861.500000
53.000197,1,23466,24352,823,26366.093750,1212517.375000
54.000197,0,14393,16953,2556,26979.500000,756912.000000
54.000197,1,24725,25614,836,26866.093750,1276357.875000
55.004197,0,14438,16998,2556,27481.500000,759187.000000
55.004197,1,25546,26423,841,27368.093750,1317944.375000
56.000197,0,14502,17064,2557,27979.500000,762424.500000
56.000197,1,26290,27180,851,27866.093750,1355687.875000
57.000197,0,14533,17094,2557,28479.500000,763999.000000
57.000197,1,27301,28227,858,28366.093750,1407156.875000
58.000197,0,14572,17139,2560,28979.500000,766068.500000
58.000197,1,29028,30120,948,28866.093750,1497777.375000
59.000197,0,14635,17216,2575,29479.500000,769523.500000
59.000197,1,30948,32456,1411,29366.093750,1602669.375000
60.000197,0,14686,17266,2575,29979.500000,772118.000000
60.000197,1,32289,33765,1424,29866.093750,1670815.375000
61.001197,0,14740,17323,2576,30480.000000,774852.000000
61.001197,1,33209,34698,1441,30366.593750,1717426.875000
62.001697,0,14810,17393,2577,30980.250000,778404.500000
62.001697,1,34178,35669,1456,30866.843750,1766609.375000
63.001697,0,14851,17432,2577,31480.250000,780480.500000
63.001697,1,34819,36317,1463,31366.843750,1799031.375000
64.000197,0,14924,17514,2578,31979.500000,784174.500000
64.000197,1,35646,37176,1470,31866.093750,1840980.375000
65.000197,0,15033,17626,2583,32479.500000,789866.500000
65.000197,1,37265,38937,1549,32366.093750,1926254.375000
66.000197,0,15162,17763,2593,32979.500000,796905.500000
66.000197,1,39115,41038,1839,32866.093750,2027101.875000
67.000197,0,15311,17919,2593,33479.500000,804481.000000
67.000197,1,40485,42406,1856,33366.093750,2096767.375000
68.000197,0,15632,18241,2594,33979.500000,820807.500000
68.000197,1,41764,43702,1867,33866.093750,2161929.500000
69.000197,0,15737,18336,2594,34479.500000,826188.000000
69.000197,1,43327,45292,1883,34366.093750,2241620.000000
70.000197,0,15823,18428,2594,34979.500000,830607.500000
70.000197,1,44921,46906,1897,34866.093750,2323149.000000
71.000197,0,16005,18608,2595,35479.500000,839825.500000
71.000197,1,46416,48418,1916,35366.093750,2399494.500000
72.000197,0,16135,18744,2595,35979.500000,846463.000000
72.000197,1,47986,50001,1931,35866.093750,2479503.000000
73.000197,0,16398,19012,2597,36479.500000,860065.000000
73.000197,1,49605,51637,1954,36366.093750,2563387.500000
74.000197,0,16706,19343,2602,36979.500000,875987.000000
74.000197,1,51094,53150,1972,36866.093750,2640001.000000
75.000197,0,17349,20012,2621,37479.500000,910231.500000
75.000197,1,52412,54552,2065,37366.093750,2710604.500000
76.000197,0,17891,20536,2626,37979.500000,938491.500000
76.000197,1,53709,55850,2081,37866.093750,2777927.500000
77.000197,0,18220,20874,2628,38479.500000,955269.000000
77.000197,1,54871,57040,2094,38366.093750,2837228.000000
78.000197,0,18789,21499,2668,38979.500000,985763.500000
78.000197,1,56257,58509,2165,38866.093750,2911003.000000
79.000197,0,19217,21907,2677,39479.500000,1008076.000000
79.000197,1,57542,59824,2221,39366.093750,2977550.500000
80.000197,0,19346,22036,2680,39979.500000,1014638.500000
80.000197,1,58816,61113,2234,39866.093750,3042358.500000
81.002197,0,19482,22175,2681,40480.500000,1021561.000000
81.002197,1,60059,62368,2248,40367.093750,3105441.500000
82.000197,0,19796,22505,2685,40979.500000,1037592.500000
82.000197,1,61462,63808,2268,40866.093750,3177317.000000
83.000197,0,20330,23074,2708,41479.500000,1066149.000000
83.000197,1,62901,65327,2351,41366.093750,3254253.500000
84.000197,0,20924,23666,2716,41979.500000,1096844.500000
84.000197,1,64234,66672,2362,41866.093750,3323264.000000
85.000197,0,21490,24245,2723,42479.500000,1126825.500000
85.000197,1,65636,68104,2391,42366.093750,3397563.000000
86.000197,0,22032,24802,2740,42979.500000,1156045.000000
86.000197,1,67067,69572,2437,42866.093750,3474626.500000
87.000197,0,22670,25459,2748,43479.500000,1189319.500000
87.000197,1,68371,70885,2448,43366.093750,3542619.000000
88.000197,0,23344,26133,2756,43979.500000,1223877.000000
88.000197,1,69453,71965,2459,43866.093750,3598109.500000
89.000197,0,24141,27017,2810,44479.500000,1266224.500000
89.000197,1,70568,73163,2521,44366.093750,3657075.500000
90.000197,0,25055,28039,2928,44979.500000,1315921.500000
90.000197,1,71628,74267,2583,44866.093750,3714828.000000
91.000197,0,25938,28916,2933,45479.500000,1361230.500000
91.000197,1,72538,75183,2596,45366.093750,3761706.000000
92.000197,0,26640,29614,2936,45979.500000,1396848.000000
92.000197,1,73395,76052,2607,45866.093750,3805288.500000
93.000197,0,27327,30312,2946,46479.500000,1431782.500000
93.000197,1,74386,77052,2620,46366.093750,3855864.500000
94.000197,0,28109,31112,2954,46979.500000,1471800.000000
94.000197,1,75297,77982,2636,46866.093750,3902454.500000
95.000197,0,29127,32139,2963,47479.500000,1523803.500000
95.000197,1,76109,78788,2641,47366.093750,3943889.000000
96.000197,0,30083,33119,2980,47979.500000,1572907.500000
96.000197,1,76917,79640,2658,47866.093750,3985694.000000
97.000197,0,31159,34321,3092,48479.500000,1631950.500000
97.000197,1,77815,80769,2920,48366.093750,4035065.000000
98.000197,0,32396,35561,3106,48979.500000,1695330.500000
98.000197,1,78227,81170,2924,48866.093750,4056244.500000
99.000197,0,33507,36688,3119,49479.500000,1751715.000000
99.000197,1,78512,81449,2925,49366.093750,4070762.000000
100.003197,0,34238,37394,3125,49981.000000,1788718.000000
100.003197,1,78666,81596,2926,49867.593750,4078546.000000
101.000197,0,35026,38216,3132,50479.500000,1828721.000000
101.000197,1,78723,81651,2926,50366.093750,4081426.500000
102.000197,0,35985,39167,3139,50979.500000,1877428.500000
102.000197,1,78765,81693,2926,50866.093750,4083552.000000
103.000197,0,37011,40241,3149,51479.500000,1929820.000000
103.000197,1,78823,81753,2927,51366.093750,4086543.000000
104.000197,0,38735,42047,3206,51979.500000,2019736.000000
104.000197,1,78947,81889,2930,51866.093750,4093097.000000
105.000197,0,40563,43976,3319,52479.500000,2117697.000000
105.000197,1,79090,82030,2933,52366.093750,4100811.500000
106.000197,0,41968,45353,3331,52979.500000,2189028.000000
106.000197,1,79172,82111,2933,52866.093750,4104973.500000
107.001697,0,42672,46040,3336,53480.250000,2224641.000000
107.001697,1,79270,82206,2935,53366.843750,4109933.000000
108.006697,0,43285,46676,3344,53982.750000,2255675.000000
108.006697,1,79279,82217,2935,53869.343750,4110388.000000
109.000197,0,44251,47655,3346,54479.500000,2304641.500000
109.000197,1,79288,82225,2935,54366.093750,4110842.500000
110.000197,0,45422,48855,3358,54979.500000,2364158.500000
110.000197,1,79312,82253,2935,54866.093750,4112059.500000
111.000197,0,47041,50532,3380,55479.500000,2447804.500000
111.000197,1,79399,82346,2935,55366.093750,4116567.500000
112.000197,0,48806,52372,3470,55979.500000,2543212.000000
112.000197,1,79608,82570,2950,55866.093750,4127886.000000
113.000197,0,50375,53951,3489,56479.500000,2623207.000000
113.000197,1,79744,82702,2952,56366.093750,4134853.500000
114.000197,0,51693,55252,3496,56979.500000,2690115.500000
114.000197,1,79812,82769,2952,56866.093750,4138300.000000
115.000197,0,52924,56515,3511,57479.500000,2752673.500000
115.000197,1,79882,82837,2952,57366.093750,4141837.000000
116.000197,0,54741,58390,3537,57979.500000,2847503.000000
116.000197,1,79909,82866,2954,57866.093750,4143250.500000
117.000197,0,56700,60393,3592,58479.500000,2951805.000000
117.000197,1,79909,82867,2954,58366.093750,4143250.500000
118.000197,0,58581,62301,3637,58979.500000,3050185.500000
118.000197,1,79917,82877,2954,58866.093750,4143655.500000
119.000197,0,59772,63482,3651,59479.500000,3110560.000000
119.000197,1,79987,82949,2954,59366.093750,4147195.500000
120.000197,0,60762,64492,3662,59979.500000,3160854.500000
120.000197,1,80129,83097,2955,59866.093750,4154402.000000
121.000197,0,62015,65757,3673,60479.500000,3224639.000000
121.000197,1,80335,83310,2958,60366.093750,4164872.500000
122.000197,0,63435,67229,3691,60979.500000,3297091.000000
122.000197,1,80599,83572,2959,60866.093750,4178438.500000
123.000197,0,65315,69224,3802,61479.500000,3398482.500000
123.000197,1,80695,83674,2968,61366.093750,4183612.000000
124.000197,0,66875,70757,3821,61979.500000,3478784.000000
124.000197,1,80767,83741,2968,61866.093750,4187333.000000
125.000197,0,67914,71794,3829,62479.500000,3531464.500000
125.000197,1,80862,83841,2969,62366.093750,4192168.500000
126.000197,0,69041,72950,3837,62979.500000,3588679.000000
126.000197,1,81070,84060,2972,62866.093750,4202703.500000
127.000197,0,70362,74287,3849,63479.500000,3655944.000000
127.000197,1,81346,84335,2973,63366.093750,4216796.000000
128.000197,0,72020,75987,3866,63979.500000,3740950.500000
128.000197,1,81480,84461,2974,63866.093750,4223689.500000
129.000197,0,73818,77792,3899,64479.500000,3834754.000000
129.000197,1,81560,84548,2978,64366.093750,4227815.000000
130.000197,0,75305,79316,3919,64979.500000,3910498.000000
130.000197,1,81648,84634,2980,64866.093750,4232287.000000
131.000197,0,77038,81051,3936,65479.500000,4000292.000000
131.000197,1,81798,84798,2982,65366.093750,4240073.000000
132.000197,0,78613,82732,4018,65979.500000,4084244.500000
132.000197,1,82141,85149,2985,65866.093750,4258281.500000
133.000197,0,80353,84644,4185,66479.500000,4179301.500000
133.000197,1,82382,85395,2999,66366.093750,4271486.000000
134.000197,0,81893,86168,4203,66979.500000,4258611.500000
134.000197,1,82557,85577,3003,66866.093750,4280542.000000
135.000197,0,83440,87753,4217,67479.500000,4338719.500000
135.000197,1,82808,85831,3004,67366.093750,4293606.500000
136.000197,0,85116,89454,4247,67979.500000,4427836.500000
136.000197,1,83097,86129,3011,67866.093750,4308922.000000
137.002197,0,86447,90762,4261,68480.500000,4496279.500000
137.002197,1,83457,86502,3016,68367.093750,4327345.000000
138.000197,0,87677,92027,4274,68979.500000,4559337.000000
138.000197,1,83938,86995,3022,68866.093750,4351952.500000
139.000197,0,89010,93363,4287,69479.500000,4627434.500000
139.000197,1,84341,87392,3025,69366.093750,4372511.000000
140.000197,0,90387,94769,4304,69979.500000,4698383.500000
140.000197,1,84800,87858,3029,69866.093750,4396446.000000
141.000197,0,91785,96172,4325,70479.500000,4772094.500000
141.000197,1,85337,88415,3040,70366.093750,4424792.000000
142.000197,0,93048,97447,4334,70979.500000,4836482.500000
142.000197,1,85811,88887,3046,70866.093750,4449036.500000
143.000197,0,94233,98632,4347,71479.500000,4896781.000000
143.000197,1,86279,89355,3051,71366.093750,4472914.500000
144.000197,0,95603,100292,4570,71979.500000,4970716.000000
144.000197,1,86799,89927,3093,71866.093750,4500780.500000
145.000197,0,96709,101427,4682,72479.500000,5028870.500000
145.000197,1,87313,90461,3120,72366.093750,4527676.500000
146.000197,0,97083,101784,4687,72979.500000,5047790.000000
146.000197,1,87857,91013,3125,72866.093750,4555224.500000
147.000197,0,97266,101969,4688,73479.500000,5057038.000000
147.000197,1,88464,91629,3135,73366.093750,4585991.000000
148.000197,0,97563,102277,4691,73979.500000,5072097.000000
148.000197,1,89047,92231,3141,73866.093750,4615505.500000
149.009197,0,97780,102481,4692,74484.000000,5083068.500000
149.009197,1,89787,92979,3150,74370.593750,4653006.500000
150.000197,0,97889,102589,4692,74979.500000,5088588.500000
150.000197,1,90490,93689,3157,74866.093750,4688606.500000
151.000697,0,97945,102646,4692,75479.750000,5091443.000000
151.000697,1,91196,94409,3163,75366.343750,4724433.000000
152.000197,0,98166,102877,4694,75979.500000,5102713.500000
152.000197,1,92030,95258,3171,75866.093750,4766689.500000
153.000197,0,98352,103064,4696,76479.500000,5112133.000000
153.000197,1,93112,96363,3187,76366.093750,4821510.500000
154.000197,0,98650,103368,4698,76979.500000,5127269.500000
154.000197,1,94285,97552,3200,76866.093750,4881150.000000
155.001697,0,98814,103525,4703,77480.250000,5135567.500000
155.001697,1,95476,98744,3210,77366.843750,4941544.000000
156.000197,0,98881,103592,4704,77979.500000,5138953.500000
156.000197,1,96642,99932,3216,77866.093750,5000740.000000
157.000197,0,98993,103706,4705,78479.500000,5144664.500000
157.000197,1,98093,101419,3227,78366.093750,5074677.500000
158.000197,0,99201,103929,4707,78979.500000,5155551.000000
158.000197,1,99798,103144,3244,78866.093750,5163141.500000
159.000197,0,99518,104287,4745,79479.500000,5172982.500000
159.000197,1,101459,104931,3367,79366.093750,5254124.000000
160.000197,0,99798,104569,4757,79979.500000,5187751.500000
160.000197,1,103033,106538,3421,79866.093750,5336628.000000
161.000197,0,99941,104705,4758,80479.500000,5195037.500000
161.000197,1,104525,108039,3434,80366.093750,5412422.500000
162.000197,0,100010,104774,4758,80979.500000,5198556.000000
162.000197,1,106125,109670,3453,80866.093750,5494020.500000
163.000197,0,100057,104822,4758,81479.500000,5200951.500000
163.000197,1,107853,111433,3468,81366.093750,5582334.500000
164.000197,0,100097,104860,4759,81979.500000,5203101.000000
164.000197,1,109800,113407,3497,81866.093750,5686739.500000
165.000197,0,100174,104946,4761,82479.500000,5207074.500000
165.000197,1,111605,115227,3522,82366.093750,5779865.500000
166.000197,0,100245,105014,4762,82979.500000,5210718.000000
166.000197,1,113446,117089,3542,82866.093750,5874556.000000
167.000197,0,100420,105219,4780,83479.500000,5220191.500000
167.000197,1,115242,118962,3619,83366.093750,5970951.000000
168.000197,0,100744,105546,4783,83979.500000,5237316.000000
168.000197,1,116873,120597,3644,83866.093750,6057166.000000
169.000197,0,101040,105838,4785,84479.500000,5252904.000000
169.000197,1,118502,122272,3673,84366.093750,6142980.500000
170.000197,0,101212,106007,4786,84979.500000,5261771.000000
170.000197,1,120166,123949,3691,84866.093750,6228260.000000
171.000197,0,101367,106170,4790,85479.500000,5269969.500000
171.000197,1,121950,125787,3728,85366.093750,6322257.000000
172.000197,0,101534,106337,4792,85979.500000,5278828.000000
172.000197,1,123729,127597,3776,85866.093750,6416510.500000
173.000197,0,101709,106521,4793,86479.500000,5287769.500000
173.000197,1,125386,129266,3795,86366.093750,6501005.500000
174.000197,0,102042,106863,4804,86979.500000,5305625.000000
174.000197,1,127029,130966,3841,86866.093750,6589091.000000
175.000197,0,102187,106998,4805,87479.500000,5313041.000000
175.000197,1,128728,132667,3853,87366.093750,6676481.500000
176.000197,0,102232,107041,4805,87979.500000,5315343.000000
176.000197,1,130473,134454,3871,87866.093750,6765703.500000
177.000197,0,102289,107100,4805,88479.500000,5318275.000000
177.000197,1,132339,136330,3893,88366.093750,6861862.500000
178.000197,0,102364,107178,4808,88979.500000,5322276.500000
178.000197,1,134232,138279,3941,88866.093750,6962798.500000
179.000197,0,102487,107317,4813,89479.500000,5328874.000000
179.000197,1,136075,140169,3991,89366.093750,7060312.000000
180.000197,0,102701,107529,4814,89979.500000,5339965.500000
180.000197,1,137700,141804,4018,89866.093750,7144510.500000
181.000197,0,103010,107843,4814,90479.500000,5355887.500000
181.000197,1,139269,143377,4033,90366.093750,7225052.500000
182.000197,0,103422,108277,4818,90979.500000,5377147.000000
182.000197,1,140734,144867,4049,90866.093750,7300426.000000
183.000197,0,104085,109001,4881,91479.500000,5413077.500000
183.000197,1,142031,146324,4233,91366.093750,7371095.000000
184.000197,0,104898,109830,4887,91979.500000,5454473.000000
184.000197,1,142868,147147,4240,91866.093750,7413551.000000
185.000197,0,105815,110782,4900,92479.500000,5501165.500000
185.000197,1,143490,147772,4246,92366.093750,7445112.500000
186.000197,0,107145,112118,4912,92979.500000,5569599.500000
186.000197,1,144063,148358,4253,92866.093750,7474666.500000
187.000197,0,108116,113090,4925,93479.500000,5619853.000000
187.000197,1,145017,149335,4258,93366.093750,7523959.000000
188.000197,0,109144,114229,5022,93979.500000,5675948.000000
188.000197,1,145963,150367,4343,93866.093750,7575510.500000
189.000197,0,110166,115259,5046,94479.500000,5729804.500000
189.000197,1,146835,151284,4400,94366.093750,7621389.000000
190.000197,0,110962,116055,5051,94979.500000,5770486.500000
190.000197,1,147912,152385,4410,94866.093750,7676364.000000
191.000197,0,111550,116637,5056,95479.500000,5800499.500000
191.000197,1,149110,153596,4419,95366.093750,7737558.000000
192.000197,0,112154,117288,5080,95979.500000,5832088.000000
192.000197,1,150371,154890,4442,95866.093750,7803175.000000
193.000197,0,112789,117921,5106,96479.500000,5864876.000000
193.000197,1,151490,156000,4452,96366.093750,7860933.500000
194.000197,0,113213,118355,5110,96979.500000,5886475.000000
194.000197,1,152610,157140,4464,96866.093750,7917839.500000
195.000197,0,113929,119090,5117,97479.500000,5923461.500000
195.000197,1,153764,158296,4477,97366.093750,7977356.000000
196.000197,0,114668,119859,5134,97979.500000,5962482.500000
196.000197,1,154907,159499,4519,97866.093750,8037662.000000
197.000197,0,115587,120802,5156,98479.500000,6010907.000000
197.000197,1,155919,160550,4567,98366.093750,8091023.500000
198.000197,0,116587,121846,5203,98979.500000,6064815.000000
198.000197,1,156896,161571,4619,98866.093750,8143822.000000
199.000197,0,117598,122929,5259,99479.500000,6119192.000000
199.000197,1,157859,162559,4647,99366.093750,8195506.500000
200.000197,0,118765,124141,5315,99979.500000,6182824.000000
200.000197,1,158675,163407,4681,99866.093750,8239954.500000
201.000197,0,119839,125236,5343,100479.500000,6239322.500000
201.000197,1,159523,164262,4696,100366.093750,8284558.500000
202.000197,0,120830,126227,5349,100979.500000,6289740.500000
202.000197,1,160220,164959,4702,100866.093750,8320053.500000
203.000197,0,121724,127142,5356,101479.500000,6335447.500000
203.000197,1,161012,165773,4712,101366.093750,8360274.500000
204.000197,0,122786,128256,5396,101979.500000,6392593.500000
204.000197,1,161929,166718,4738,101866.093750,8409471.000000
205.000197,0,124026,129557,5460,102479.500000,6460118.000000
205.000197,1,162670,167568,4845,102366.093750,8450088.000000
206.000197,0,124914,130417,5474,102979.500000,6506003.500000
206.000197,1,163362,168258,4860,102866.093750,8485692.000000
207.000197,0,125509,131022,5481,103479.500000,6536194.500000
207.000197,1,163942,168844,4866,103366.093750,8515054.000000
208.000197,0,126264,131812,5495,103979.500000,6574960.500000
208.000197,1,164694,169615,4874,103866.093750,8553359.000000
209.000197,0,127480,133131,5573,104479.500000,6640034.500000
209.000197,1,165421,170392,4925,104366.093750,8592104.000000
210.000197,0,128665,134343,5614,104979.500000,6702325.000000
210.000197,1,166112,171093,4943,104866.093750,8628536.000000
211.000197,0,129892,135585,5630,105479.500000,6766358.000000
211.000197,1,166800,171796,4962,105366.093750,8664438.000000
212.000197,0,131123,136840,5644,105979.500000,6829182.500000
212.000197,1,167354,172362,4971,105866.093750,8692691.000000
213.000197,0,132263,137974,5654,106479.500000,6887568.000000
213.000197,1,168020,173033,4977,106366.093750,8726775.000000
214.000197,0,133517,139348,5739,106979.500000,6954079.500000
214.000197,1,168642,173706,5011,106866.093750,8759751.000000
215.000197,0,134710,140582,5822,107479.500000,7017481.500000
215.000197,1,169318,174423,5066,107366.093750,8795445.000000
216.000197,0,135627,141503,5827,107979.500000,7064159.000000
216.000197,1,170024,175142,5075,107866.093750,8831454.000000
217.000197,0,136548,142430,5837,108479.500000,7111161.000000
217.000197,1,170843,175973,5080,108366.093750,8873337.000000
218.000197,0,137559,143468,5851,108979.500000,7163476.000000
218.000197,1,171651,176789,5089,108866.093750,8914926.000000
219.000197,0,138703,144650,5874,109479.500000,7223196.000000
219.000197,1,172450,177600,5097,109366.093750,8956729.000000
220.000197,0,139794,145808,5967,109979.500000,7281507.000000
220.000197,1,173251,178406,5120,109866.093750,8999579.000000
221.000197,0,140667,146698,5979,110479.500000,7325886.000000
221.000197,1,173959,179142,5127,110366.093750,9035613.000000
222.000197,0,141639,147747,6047,110979.500000,7378271.000000
222.000197,1,174968,180188,5154,110866.093750,9089680.000000
223.000197,0,142552,148665,6071,111479.500000,7426530.500000
223.000197,1,175977,181209,5172,111366.093750,9142907.000000
224.000197,0,143401,149523,6082,111979.500000,7470115.500000
224.000197,1,176970,182213,5184,111866.093750,9193982.000000
225.000197,0,144249,150384,6088,112479.500000,7513947.000000
225.000197,1,178021,183267,5197,112366.093750,9248228.000000
226.000197,0,145093,151252,6100,112979.500000,7557049.500000
226.000197,1,178902,184175,5209,112866.093750,9293398.000000
227.000197,0,145964,152160,6132,113479.500000,7603274.000000
227.000197,1,179971,185267,5238,113366.093750,9349856.000000
228.000197,0,146958,153188,6158,113979.500000,7656565.000000
228.000197,1,180946,186266,5270,113866.093750,9401827.000000
229.000197,0,148032,154270,6180,114479.500000,7713758.500000
229.000197,1,181850,187190,5282,114366.093750,9449943.000000
230.000197,0,149041,155284,6188,114979.500000,7765729.500000
230.000197,1,182696,188034,5292,114866.093750,9493640.000000
231.000197,0,150019,156275,6201,115479.500000,7815565.000000
231.000197,1,183444,188789,5302,115366.093750,9531701.000000
232.000197,0,151308,157736,6317,115979.500000,7885085.500000
232.000197,1,184116,189484,5333,115866.093750,9567772.000000
233.000197,0,152552,159046,6436,116479.500000,7951788.500000
233.000197,1,184840,190310,5412,116366.093750,9606399.000000
234.000197,0,153503,159998,6442,116979.500000,8000432.500000
234.000197,1,185593,191056,5421,116866.093750,9645163.000000
235.000197,0,154287,160768,6446,117479.500000,8040387.000000
235.000197,1,186422,191895,5428,117366.093750,9687300.000000
236.000197,0,155054,161549,6451,117979.500000,8079434.000000
236.000197,1,187259,192737,5430,117866.093750,9729822.000000
237.000197,0,155912,162421,6457,118479.500000,8123263.500000
237.000197,1,188188,193680,5442,118366.093750,9777205.000000
238.000197,0,156934,163487,6490,118979.500000,8178020.500000
238.000197,1,189131,194654,5472,118866.093750,9827454.000000
239.000197,0,158004,164613,6550,119479.500000,8235841.000000
239.000197,1,190025,195600,5521,119366.093750,9875620.000000
240.000197,0,158947,165552,6567,119979.500000,8284900.000000
240.000197,1,190992,196579,5530,119866.093750,9926058.000000
241.000197,0,159484,166092,6572,120479.500000,8312216.500000
241.000197,1,192047,197669,5547,120366.093750,9979831.000000
242.000197,0,160218,166851,6579,120979.500000,8350595.500000
242.000197,1,193222,198845,5556,120866.093750,10041048.000000
243.000197,0,161088,167772,6624,121479.500000,8397800.000000
243.000197,1,194330,199992,5604,121366.093750,10101184.000000
244.000197,0,162006,168701,6641,121979.500000,8445501.000000
244.000197,1,195293,200968,5618,121866.093750,10151238.000000
245.000197,0,163008,169714,6652,122479.500000,8497094.000000
245.000197,1,196200,201892,5635,122366.093750,10197722.000000
246.000197,0,164066,170814,6684,122979.500000,8553790.000000
246.000197,1,197120,202845,5667,122866.093750,10247021.000000
247.000197,0,165154,171912,6695,123479.500000,8611978.000000
247.000197,1,198020,203769,5703,123366.093750,10295158.000000
248.000197,0,166252,173040,6725,123979.500000,8669638.000000
248.000197,1,198862,204631,5716,123866.093750,10339505.000000
249.000197,0,167309,174099,6730,124479.500000,8724616.000000
249.000197,1,199704,205476,5727,124366.093750,10383313.000000
250.000197,0,168402,175206,6747,124979.500000,8780224.000000
250.000197,1,200375,206153,5736,124866.093750,10417474.000000
251.000197,0,169568,176407,6771,125479.500000,8841378.000000
251.000197,1,201140,206934,5750,125366.093750,10457705.000000
252.000197,0,170603,177436,6779,125979.500000,8894666.000000
252.000197,1,201993,207799,5754,125866.093750,10501707.000000
253.000197,0,171685,178548,6802,126479.500000,8951826.000000
253.000197,1,202871,208688,5765,126366.093750,10548023.000000
254.000197,0,172708,179577,6818,126979.500000,9005801.000000
254.000197,1,203808,209643,5780,126866.093750,10597317.000000
255.000197,0,173664,180550,6829,127479.500000,9055386.000000
255.000197,1,204720,210565,5791,127366.093750,10644527.000000
256.000197,0,174667,181565,6839,127979.500000,9107062.000000
256.000197,1,205616,211462,5797,127866.093750,10690587.000000
257.000197,0,175621,182524,6846,128479.500000,9155966.000000
257.000197,1,206579,212444,5807,128366.093750,10740071.000000
258.000197,0,176593,183514,6860,128979.500000,9206148.000000
258.000197,1,207516,213385,5822,128866.093750,10788275.000000
259.000197,0,177713,184754,6967,129479.500000,9267102.000000
259.000197,1,208363,214285,5868,129366.093750,10834343.000000
260.000197,0,178849,185904,7003,129979.500000,9327684.000000
260.000197,1,209187,215143,5908,129866.093750,10878406.000000
261.000197,0,179810,186877,7015,130479.500000,9376806.000000
261.000197,1,210008,215977,5923,130366.093750,10920316.000000
262.000197,0,180836,187922,7027,130979.500000,9429397.000000
262.000197,1,210842,216820,5931,130866.093750,10963015.000000
263.000197,0,181861,188955,7038,131479.500000,9482378.000000
263.000197,1,211730,217726,5946,131366.093750,11008842.000000
264.000197,0,182949,190071,7057,131979.500000,9539454.000000
264.000197,1,212595,218609,5959,131866.093750,11054411.000000
265.000197,0,184026,191163,7075,132479.500000,9596858.000000
265.000197,1,213488,219509,5972,132366.093750,11101595.000000
266.000197,0,185135,192285,7088,132979.500000,9655729.000000
266.000197,1,214353,220396,5987,132866.093750,11147461.000000
267.000197,0,186170,193334,7108,133479.500000,9710549.000000
267.000197,1,215276,221334,6003,133366.093750,11196340.000000
268.000197,0,187185,194377,7123,133979.500000,9763333.000000
268.000197,1,216165,222231,6014,133866.093750,11242611.000000
269.000197,0,188263,195459,7144,134479.500000,9819558.000000
269.000197,1,216990,223065,6024,134366.093750,11285755.000000
270.000197,0,189213,196430,7160,134979.500000,9868716.000000
270.000197,1,217979,224076,6036,134866.093750,11337100.000000
271.000197,0,190216,197483,7209,135479.500000,9922610.000000
271.000197,1,218960,225125,6111,135366.093750,11389810.000000
272.000197,0,191039,198293,7215,135979.500000,9964832.000000
272.000197,1,219955,226129,6122,135866.093750,11440855.000000
273.000197,0,191781,199045,7223,136479.500000,10002592.000000
273.000197,1,220914,227102,6128,136366.093750,11489634.000000
274.000197,0,192535,199803,7234,136979.500000,10041122.000000
274.000197,1,221967,228172,6141,136866.093750,11543572.000000
275.000197,0,193082,200348,7240,137479.500000,10068858.000000
275.000197,1,223124,229344,6153,137366.093750,11602558.000000
276.000197,0,193736,201040,7266,137979.500000,10103952.000000
276.000197,1,224402,230670,6191,137866.093750,11670686.000000
277.000197,0,194433,201786,7314,138479.500000,10141563.000000
277.000197,1,225683,231987,6237,138366.093750,11739582.000000
278.000197,0,194909,202255,7321,138979.500000,10165714.000000
278.000197,1,226754,233061,6245,138866.093750,11793904.000000
279.000197,0,195380,202736,7330,139479.500000,10189758.000000
279.000197,1,227870,234189,6255,139366.093750,11850530.000000
280.000197,0,195792,203147,7332,139979.500000,10210718.000000
280.000197,1,229226,235567,6268,139866.093750,11919392.000000
281.000197,0,196214,203577,7338,140479.500000,10232374.000000
281.000197,1,230652,237011,6279,140366.093750,11992498.000000
282.000197,0,196576,203937,7339,140979.500000,10250931.000000
282.000197,1,232149,238520,6291,140866.093750,12068783.000000
283.000197,0,196910,204279,7343,141479.500000,10267913.000000
283.000197,1,233564,239942,6305,141366.093750,12140724.000000
284.000197,0,197482,204887,7363,141979.500000,10298618.000000
284.000197,1,234949,241396,6367,141866.093750,12214828.000000
285.000197,0,198247,205668,7382,142479.500000,10339314.000000
285.000197,1,236137,242616,6415,142366.093750,12278268.000000
286.000197,0,198869,206291,7387,142979.500000,10370920.000000
286.000197,1,237242,243726,6424,142866.093750,12334412.000000
287.000197,0,199602,207043,7395,143479.500000,10408236.000000
287.000197,1,238286,244781,6435,143366.093750,12387670.000000
288.000197,0,200395,207844,7408,143979.500000,10448879.000000
288.000197,1,239365,245869,6447,143866.093750,12442902.000000
289.000197,0,201276,208755,7424,144479.500000,10494190.000000
289.000197,1,240350,246863,6460,144366.093750,12493645.000000
290.000197,0,202244,209749,7448,144979.500000,10546146.000000
290.000197,1,241360,247910,6488,144866.093750,12547992.000000
291.000197,0,203166,210696,7484,145479.500000,10595824.000000
291.000197,1,242401,248973,6509,145366.093750,12603921.000000
292.000197,0,204035,211594,7503,145979.500000,10642268.000000
292.000197,1,243507,250100,6534,145866.093750,12663213.000000
293.000197,0,204944,212508,7519,146479.500000,10689897.000000
293.000197,1,244541,251135,6542,146366.093750,12717285.000000
294.000197,0,205753,213333,7527,146979.500000,10731373.000000
294.000197,1,245587,252192,6549,146866.093750,12770904.000000
295.000197,0,206557,214137,7536,147479.500000,10772230.000000
295.000197,1,246563,253179,6555,147366.093750,12820647.000000
296.000197,0,207322,214914,7548,147979.500000,10812214.000000
296.000197,1,247749,254396,6575,147866.093750,12882834.000000
297.000197,0,208170,215810,7593,148479.500000,10858471.000000
297.000197,1,248871,255586,6640,148366.093750,12944164.000000
298.000197,0,208999,216662,7618,148979.500000,10901547.000000
298.000197,1,249944,256655,6657,148866.093750,13000010.000000
299.000197,0,209886,217560,7624,149479.500000,10947626.000000
299.000197,1,250941,257670,6668,149366.093750,13052061.000000
300.000197,0,210691,218377,7639,149979.500000,10990040.000000
300.000197,1,252110,258856,6679,149866.093750,13114315.000000
301.000197,0,211459,219153,7652,150479.500000,11030977.000000
301.000197,1,253316,260089,6702,150366.093750,13178426.000000
302.000197,0,212212,219918,7663,150979.500000,11070318.000000
302.000197,1,254521,261305,6720,150866.093750,13241209.000000
303.000197,0,212958,220660,7665,151479.500000,11108322.000000
303.000197,1,255649,262443,6726,151366.093750,13298953.000000
304.000197,0,213670,221390,7674,151979.500000,11145666.000000
304.000197,1,256884,263710,6750,151866.093750,13363311.000000
305.000197,0,214307,222026,7690,152479.500000,11178741.000000
305.000197,1,258047,264871,6763,152366.093750,13423689.000000
306.000197,0,214956,222698,7696,152979.500000,11212174.000000
306.000197,1,259158,266003,6775,152866.093750,13480543.000000
307.000197,0,215767,223530,7716,153479.500000,11254392.000000
307.000197,1,260266,267115,6794,153366.093750,13538013.000000
308.000197,0,216563,224342,7731,153979.500000,11295940.000000
308.000197,1,261420,268300,6808,153866.093750,13598215.000000
309.000197,0,217353,225142,7748,154479.500000,11338048.000000
309.000197,1,262597,269496,6829,154366.093750,13660980.000000
310.000197,0,218068,225856,7755,154979.500000,11375352.000000
310.000197,1,263835,270754,6845,154866.093750,13725825.000000
311.000197,0,218645,226442,7766,155479.500000,11406504.000000
311.000197,1,265231,272195,6887,155366.093750,13801259.000000
312.000197,0,219214,227022,7778,155979.500000,11435882.000000
312.000197,1,266567,273543,6899,155866.093750,13870422.000000
313.000197,0,219771,227621,7806,156479.500000,11465640.000000
313.000197,1,267970,274973,6920,156366.093750,13945067.000000
314.000197,0,220376,228273,7854,156979.500000,11498730.000000
314.000197,1,269344,276416,6992,156866.093750,14020187.000000
315.000197,0,221037,228945,7872,157479.500000,11534464.000000
315.000197,1,270660,277755,7023,157366.093750,14091366.000000
316.000197,0,221417,229311,7875,157979.500000,11553786.000000
316.000197,1,271948,279054,7039,157866.093750,14156775.000000
317.000197,0,221786,229688,7878,158479.500000,11572518.000000
317.000197,1,273234,280357,7056,158366.093750,14222190.000000
318.000197,0,222256,230165,7881,158979.500000,11596560.000000
318.000197,1,274545,281702,7074,158866.093750,14289210.000000
319.000197,0,222808,230732,7891,159479.500000,11625960.000000
319.000197,1,275959,283149,7116,159366.093750,14364310.000000
320.000197,0,223475,231410,7898,159979.500000,11660762.000000
320.000197,1,277235,284426,7129,159866.093750,14430531.000000
321.000197,0,224189,232133,7908,160479.500000,11697902.000000
321.000197,1,278451,285664,7142,160366.093750,14494000.000000
322.000197,0,224832,232794,7920,160979.500000,11731306.000000
322.000197,1,279720,286953,7155,160866.093750,14559961.000000
323.000197,0,225498,233468,7929,161479.500000,11766268.000000
323.000197,1,281004,288248,7172,161366.093750,14627036.000000
324.000197,0,226201,234179,7938,161979.500000,11804019.000000
324.000197,1,282284,289552,7190,161866.093750,14695950.000000
325.000197,0,226884,234922,7992,162479.500000,11841277.000000
325.000197,1,283575,290904,7260,162366.093750,14766336.000000
326.000197,0,227694,235739,8003,162979.500000,11883718.000000
326.000197,1,284736,292073,7272,162866.093750,14827015.000000
327.000197,0,228495,236553,8011,163479.500000,11925112.000000
327.000197,1,285844,293193,7284,163366.093750,14884181.000000
328.000197,0,229384,237457,8020,163979.500000,11971370.000000
328.000197,1,286909,294265,7301,163866.093750,14939639.000000
329.000197,0,230283,238361,8033,164479.500000,12017450.000000
329.000197,1,287897,295257,7309,164366.093750,14990347.000000
330.000197,0,231178,239267,8038,164979.500000,12063304.000000
330.000197,1,288882,296258,7317,164866.093750,15040683.000000
331.000197,0,232130,240238,8051,165479.500000,12113451.000000
331.000197,1,289891,297278,7328,165366.093750,15093634.000000
332.000197,0,233142,241255,8060,165979.500000,12167049.000000
332.000197,1,290860,298254,7335,165866.093750,15144909.000000
333.000197,0,234026,242142,8071,166479.500000,12213421.000000
333.000197,1,291939,299350,7345,166366.093750,15201757.000000
334.000197,0,234803,242922,8075,166979.500000,12253541.000000
334.000197,1,293132,300550,7357,166866.093750,15263504.000000
335.000197,0,235617,243749,8085,167479.500000,12295820.000000
335.000197,1,294274,301703,7365,167366.093750,15322914.000000
336.000197,0,236476,244626,8094,167979.500000,12340970.000000
336.000197,1,295384,302827,7380,167866.093750,15381324.000000
337.000197,0,237375,245527,8106,168479.500000,12387848.000000
337.000197,1,296453,303903,7387,168366.093750,15437364.000000
338.000197,0,238137,246297,8118,168979.500000,12427857.000000
338.000197,1,297659,305120,7396,168866.093750,15500395.000000
339.000197,0,238947,247122,8129,169479.500000,12470464.000000
339.000197,1,298819,306299,7408,169366.093750,15561544.000000
340.000197,0,239687,247877,8145,169979.500000,12510181.000000
340.000197,1,300055,307545,7425,169866.093750,15628008.000000
341.000197,0,240337,248520,8154,170479.500000,12543882.000000
341.000197,1,301290,308797,7439,170366.093750,15691988.000000
342.000197,0,240817,249007,8160,170979.500000,12568310.000000
342.000197,1,302529,310047,7449,170866.093750,15754994.000000
343.000197,0,241477,249686,8169,171479.500000,12603458.000000
343.000197,1,303827,311394,7486,171366.093750,15824019.000000
344.000197,0,242111,250349,8195,171979.500000,12637985.000000
344.000197,1,305173,312755,7514,171866.093750,15897142.000000
345.000197,0,242728,250966,8205,172479.500000,12669566.000000
345.000197,1,306395,313988,7524,172366.093750,15959839.000000
346.000197,0,243312,251552,8211,172979.500000,12699228.000000
346.000197,1,307637,315243,7538,172866.093750,16023059.000000
347.000197,0,244021,252285,8220,173479.500000,12735816.000000
347.000197,1,308841,316454,7546,173366.093750,16085094.000000
348.000197,0,244830,253134,8250,173979.500000,12779826.000000
348.000197,1,310008,317644,7576,173866.093750,16148329.000000
349.000197,0,245756,254081,8278,174479.500000,12829304.000000
349.000197,1,311035,318679,7591,174366.093750,16203112.000000
350.000197,0,246719,255105,8330,174979.500000,12880632.000000
350.000197,1,312006,319704,7635,174866.093750,16254760.000000
351.000197,0,247630,256056,8367,175479.500000,12930162.000000
351.000197,1,313074,320813,7682,175366.093750,16312807.000000
352.000197,0,248663,257124,8409,175979.500000,12984959.000000
352.000197,1,313963,321709,7705,175866.093750,16360042.000000
353.000697,0,249673,258146,8420,176479.750000,13036500.000000
353.000697,1,314744,322500,7714,176366.343750,16399985.000000
354.000197,0,250643,259127,8428,176979.500000,13085834.000000
354.000197,1,315491,323259,7727,176866.093750,16437958.000000
355.000197,0,251811,260310,8433,177479.500000,13145882.000000
355.000197,1,316244,324021,7733,177366.093750,16476743.000000
356.000197,0,252982,261498,8449,177979.500000,13207312.000000
356.000197,1,317026,324818,7742,177866.093750,16517706.000000
357.000197,0,254192,262799,8534,178479.500000,13273260.000000
357.000197,1,317803,325619,7769,178366.093750,16559852.000000
358.000197,0,255399,264095,8644,178979.500000,13338177.000000
358.000197,1,318548,326392,7802,178866.093750,16599967.000000
359.000197,0,256326,265032,8654,179479.500000,13385450.000000
359.000197,1,319377,327236,7811,179366.093750,16642228.000000
360.000197,0,257264,265970,8662,179979.500000,13433183.000000
360.000197,1,320258,328126,7818,179866.093750,16687083.000000
361.000197,0,258077,266794,8666,180479.500000,13474658.000000
361.000197,1,321271,329168,7836,180366.093750,16738948.000000
362.000197,0,258917,267637,8675,180979.500000,13517811.000000
362.000197,1,322352,330262,7846,180866.093750,16794680.000000
363.000197,0,259723,268449,8681,181479.500000,13559410.000000
363.000197,1,323496,331416,7859,181366.093750,16853786.000000
364.000197,0,260525,269250,8686,181979.500000,13600472.000000
364.000197,1,324626,332549,7864,181866.093750,16911704.000000
365.000197,0,261290,270031,8693,182479.500000,13639532.000000
365.000197,1,325756,333695,7874,182366.093750,16969510.000000
366.000197,0,262150,270897,8704,182979.500000,13685632.000000
366.000197,1,326872,334832,7892,182866.093750,17029352.000000
367.000197,0,262909,271685,8722,183479.500000,13726343.000000
367.000197,1,328086,336105,7946,183366.093750,17094470.000000
368.000197,0,263685,272533,8806,183979.500000,13768896.000000
368.000197,1,329288,337388,8025,183866.093750,17160404.000000
369.000197,0,264404,273260,8815,184479.500000,13806095.000000
369.000197,1,330481,338587,8044,184366.093750,17221970.000000
370.000197,0,265171,274040,8823,184979.500000,13845670.000000
370.000197,1,331662,339775,8051,184866.093750,17282694.000000
371.000197,0,266053,274949,8839,185479.500000,13892648.000000
371.000197,1,332754,340889,8068,185366.093750,17341106.000000
372.000197,0,266951,275881,8874,185979.500000,13941368.000000
372.000197,1,333835,342006,8108,185866.093750,17400050.000000
373.000197,0,267796,276736,8896,186479.500000,13986355.000000
373.000197,1,334962,343163,8140,186366.093750,17459924.000000
374.000197,0,268564,277511,8901,186979.500000,14025468.000000
374.000197,1,336033,344244,8148,186866.093750,17514460.000000
375.000197,0,269291,278240,8912,187479.500000,14063882.000000
375.000197,1,337262,345498,8164,187366.093750,17579554.000000
376.000197,0,269996,278964,8923,187979.500000,14101280.000000
376.000197,1,338524,346773,8178,187866.093750,17646582.000000
377.000197,0,270756,279736,8931,188479.500000,14141471.000000
377.000197,1,339737,348001,8192,188366.093750,17710804.000000
378.000197,0,271563,280553,8946,188979.500000,14183693.000000
378.000197,1,340852,349115,8206,188866.093750,17769148.000000
379.000197,0,272310,281302,8952,189479.500000,14221687.000000
379.000197,1,341942,350222,8218,189366.093750,17824764.000000
380.000197,0,273041,282031,8955,189979.500000,14258965.000000
380.000197,1,343005,351296,8234,189866.093750,17878930.000000
381.000197,0,273741,282749,8967,190479.500000,14295530.000000
381.000197,1,344218,352540,8247,190366.093750,17942476.000000
382.000197,0,274277,283272,8973,190979.500000,14323542.000000
382.000197,1,345599,353941,8266,190866.093750,18014604.000000
383.000197,0,274687,283691,8975,191479.500000,14344708.000000
383.000197,1,347053,355438,8291,191366.093750,18089958.000000
384.000197,0,275172,284223,9010,191979.500000,14371281.000000
384.000197,1,348548,357041,8417,191866.093750,18172062.000000
385.000197,0,275794,284853,9020,192479.500000,14403452.000000
385.000197,1,349839,358353,8434,192366.093750,18238928.000000
386.000197,0,276405,285472,9041,192979.500000,14436076.000000
386.000197,1,351205,359797,8517,192866.093750,18311998.000000
387.000197,0,276726,285786,9042,193479.500000,14452443.000000
387.000197,1,352720,361338,8532,193366.093750,18389290.000000
388.000197,0,276994,286058,9046,193979.500000,14466675.000000
388.000197,1,354413,363073,8560,193866.093750,18479418.000000
389.000197,0,277281,286357,9050,194479.500000,14481771.000000
389.000197,1,356099,364767,8577,194366.093750,18567912.000000
390.000197,0,277573,286644,9053,194979.500000,14497190.000000
390.000197,1,357744,366454,8618,194866.093750,18654332.000000
391.000197,0,277845,286919,9055,195479.500000,14511524.000000
391.000197,1,359446,368169,8631,195366.093750,18743580.000000
392.000197,0,278206,287309,9067,195979.500000,14530561.000000
392.000197,1,361065,369804,8651,195866.093750,18828406.000000
393.000197,0,278765,287880,9076,196479.500000,14559609.000000
393.000197,1,362435,371184,8677,196366.093750,18899630.000000
394.000197,0,279354,288465,9079,196979.500000,14589830.000000
394.000197,1,363719,372488,8689,196866.093750,18965476.000000
395.000197,0,279899,289019,9089,197479.500000,14617772.000000
395.000197,1,365045,373815,8702,197366.093750,19033478.000000
396.000197,0,280492,289650,9122,197979.500000,14649548.000000
396.000197,1,366395,375207,8730,197866.093750,19105702.000000
397.000197,0,280945,290095,9126,198479.500000,14672943.000000
397.000197,1,367700,376506,8741,198366.093750,19172910.000000
398.000197,0,281268,290415,9131,198979.500000,14689293.000000
398.000197,1,368892,377719,8755,198866.093750,19233406.000000
399.000197,0,281465,290603,9132,199479.500000,14699290.000000
399.000197,1,370318,379167,8769,199366.093750,19305764.000000
400.000197,0,281563,290701,9132,199979.500000,14704264.000000
400.000197,1,371851,380732,8795,199866.093750,19383720.000000
401.000197,0,281649,290789,9132,200479.500000,14708653.000000
401.000197,1,373533,382437,8811,200366.093750,19469326.000000
402.000197,0,281783,290922,9132,200979.500000,14715634.000000
402.000197,1,375307,384238,8828,200866.093750,19561430.000000
403.000197,0,281853,290992,9134,201479.500000,14719244.000000
403.000197,1,377192,386142,8849,201366.093750,19658484.000000
404.000197,0,281882,291020,9134,201979.500000,14720769.000000
404.000197,1,379139,388119,8866,201866.093750,19761674.000000
405.000197,0,282009,291158,9135,202479.500000,14727499.000000
405.000197,1,380996,389989,8897,202366.093750,19860926.000000
406.000197,0,282193,291352,9143,202979.500000,14737211.000000
406.000197,1,382781,391815,8937,202866.093750,19955212.000000
407.000197,0,282353,291503,9144,203479.500000,14745478.000000
407.000197,1,384496,393546,8954,203366.093750,20043190.000000
408.000197,0,282422,291573,9145,203979.500000,14749002.000000
408.000197,1,386284,395351,8972,203866.093750,20134436.000000
409.000197,0,282516,291672,9148,204479.500000,14753825.000000
409.000197,1,388084,397172,8991,204366.093750,20226584.000000
410.000197,0,282674,291831,9149,204979.500000,14761900.000000
410.000197,1,389841,398948,9014,204866.093750,20316180.000000
411.000197,0,282856,292025,9155,205479.500000,14771507.000000
411.000197,1,391604,400742,9042,205366.093750,20408914.000000
412.000197,0,283080,292254,9155,205979.500000,14783092.000000
412.000197,1,393337,402488,9055,205866.093750,20498406.000000
413.000197,0,283402,292585,9161,206479.500000,14800474.000000
413.000197,1,394999,404177,9082,206366.093750,20588196.000000
414.000197,0,283640,292820,9162,206979.500000,14812896.000000
414.000197,1,396712,405898,9097,206866.093750,20677252.000000
415.000197,0,283928,293116,9168,207479.500000,14828150.000000
415.000197,1,398396,407619,9134,207366.093750,20766494.000000
416.000197,0,284209,293402,9171,207979.500000,14842607.000000
416.000197,1,400025,409263,9141,207866.093750,20850020.000000
417.000197,0,284546,293742,9173,208479.500000,14860776.000000
417.000197,1,401672,410933,9174,208366.093750,20938872.000000
418.000197,0,285067,294291,9188,208979.500000,14889212.000000
418.000197,1,403138,412424,9205,208866.093750,21018446.000000
419.000197,0,285749,295007,9222,209479.500000,14925773.000000
419.000197,1,404435,413727,9226,209366.093750,21087766.000000
420.000197,0,286491,295759,9228,209979.500000,14963644.000000
420.000197,1,405469,414761,9236,209866.093750,21140352.000000
421.000197,0,287249,296532,9234,210479.500000,15002306.000000
421.000197,1,406491,415788,9246,210366.093750,21192292.000000
422.000197,0,288086,297372,9241,210979.500000,15044820.000000
422.000197,1,407371,416678,9256,210866.093750,21237090.000000
423.000197,0,288935,298237,9250,211479.500000,15088030.000000
423.000197,1,408316,417635,9265,211366.093750,21285220.000000
424.000197,0,289828,299133,9261,211979.500000,15133734.000000
424.000197,1,409319,418655,9275,211866.093750,21336650.000000
425.000197,0,290675,300001,9277,212479.500000,15178392.000000
425.000197,1,410420,419776,9296,212366.093750,21394778.000000
426.000197,0,291492,300812,9282,212979.500000,15220280.000000
426.000197,1,411526,420889,9306,212866.093750,21451434.000000
427.000197,0,292262,301599,9293,213479.500000,15259604.000000
427.000197,1,412583,421959,9315,213366.093750,21505596.000000
428.000197,0,293062,302416,9307,213979.500000,15302211.000000
428.000197,1,413752,423155,9333,213866.093750,21567864.000000
429.000197,0,293874,303248,9326,214479.500000,15345540.000000
429.000197,1,414918,424337,9353,214366.093750,21630024.000000
430.000197,0,294769,304163,9343,214979.500000,15393814.000000
430.000197,1,416003,425449,9387,214866.093750,21688528.000000
431.000197,0,295691,305105,9359,215479.500000,15441432.000000
431.000197,1,417029,426484,9396,215366.093750,21741496.000000
432.000197,0,296668,306109,9377,215979.500000,15494098.000000
432.000197,1,418029,427497,9411,215866.093750,21795386.000000
433.000197,0,297635,307082,9393,216479.500000,15544424.000000
433.000197,1,418986,428463,9425,216366.093750,21845308.000000
434.000197,0,298603,308061,9404,216979.500000,15594490.000000
434.000197,1,419963,429448,9431,216866.093750,21895850.000000
435.000197,0,299561,309041,9429,217479.500000,15645650.000000
435.000197,1,420971,430500,9468,217366.093750,21949800.000000
436.000197,0,300484,309973,9436,217979.500000,15693400.000000
436.000197,1,422007,431542,9476,217866.093750,22003602.000000
437.000197,0,301390,310887,9446,218479.500000,15741572.000000
437.000197,1,423077,432635,9492,218366.093750,22060608.000000
438.000197,0,302129,311631,9459,218979.500000,15780490.000000
438.000197,1,424303,433884,9510,218866.093750,22125298.000000
439.000197,0,302861,312370,9466,219479.500000,15819576.000000
439.000197,1,425551,435148,9527,219366.093750,22191882.000000
440.000197,0,303606,313126,9474,219979.500000,15859188.000000
440.000197,1,426776,436404,9561,219866.093750,22256714.000000
441.000197,0,304459,313998,9484,220479.500000,15904118.000000
441.000197,1,427883,437509,9571,220366.093750,22314710.000000
442.000197,0,305410,314959,9499,220979.500000,15952672.000000
442.000197,1,428805,438440,9583,220866.093750,22361688.000000
443.000197,0,306434,316022,9530,221479.500000,16007006.000000
443.000197,1,429731,439390,9600,221366.093750,22410748.000000
444.000197,0,307452,317045,9542,221979.500000,16060652.000000
444.000197,1,430658,440316,9611,221866.093750,22459826.000000
445.000197,0,308426,318033,9552,222479.500000,16110852.000000
445.000197,1,431582,441258,9624,222366.093750,22507406.000000
446.000197,0,309478,319104,9566,222979.500000,16164480.000000
446.000197,1,432358,442034,9637,222866.093750,22547012.000000
447.002697,0,310568,320204,9580,223480.750000,16220046.000000
447.002697,1,432925,442602,9643,223367.343750,22575966.000000
448.000197,0,311689,321399,9624,223979.500000,16278514.000000
448.000197,1,433659,443368,9659,223866.093750,22614248.000000
449.000197,0,312765,322487,9667,224479.500000,16336655.000000
449.000197,1,434559,444316,9697,224366.093750,22662696.000000
450.000197,0,313732,323470,9689,224979.500000,16388613.000000
450.000197,1,435576,445357,9718,224866.093750,22717398.000000
451.000197,0,314631,324397,9714,225479.500000,16436959.000000
451.000197,1,436656,446467,9743,225366.093750,22775580.000000
452.000197,0,315506,325289,9736,225979.500000,16482344.000000
452.000197,1,437643,447437,9749,225866.093750,22826662.000000
453.000197,0,316351,326146,9750,226479.500000,16525352.000000
453.000197,1,438553,448365,9759,226366.093750,22872992.000000
454.000197,0,317331,327151,9756,226979.500000,16576814.000000
454.000197,1,439528,449350,9769,226866.093750,22924074.000000
455.000197,0,318429,328293,9791,227479.500000,16636563.000000
455.000197,1,440410,450271,9805,227366.093750,22972138.000000
456.000197,0,319414,329283,9818,227979.500000,16687422.000000
456.000197,1,441265,451135,9817,227866.093750,23016300.000000
457.000197,0,320356,330242,9829,228479.500000,16735608.000000
457.000197,1,442203,452092,9833,228366.093750,23064228.000000
458.000197,0,321352,331250,9847,228979.500000,16787968.000000
458.000197,1,443176,453077,9845,228866.093750,23115522.000000
459.000197,0,322385,332300,9856,229479.500000,16841508.000000
459.000197,1,444103,454004,9853,229366.093750,23163354.000000
460.000197,0,323542,333470,9866,229979.500000,16901812.000000
460.000197,1,444902,454809,9860,229866.093750,23205128.000000
461.000197,0,324614,334566,9890,230479.500000,16958386.000000
461.000197,1,445784,455715,9874,230366.093750,23251862.000000
462.000197,0,325627,335592,9909,230979.500000,17012234.000000
462.000197,1,446748,456705,9900,230866.093750,23302910.000000
463.000197,0,326600,336592,9937,231479.500000,17064040.000000
463.000197,1,447733,457733,9940,231366.093750,23355298.000000
464.000197,0,327575,337585,9953,231979.500000,17116400.000000
464.000197,1,448737,458754,9959,231866.093750,23409360.000000
465.000197,0,328527,338545,9965,232479.500000,17166152.000000
465.000197,1,449753,459779,9970,232366.093750,23462392.000000
466.000197,0,329494,339534,9982,232979.500000,17216992.000000
466.000197,1,450754,460794,9981,232866.093750,23515118.000000
467.000197,0,330469,340529,10011,233479.500000,17269288.000000
467.000197,1,451758,461830,10012,233366.093750,23569100.000000
468.000197,0,331361,341428,10018,233979.500000,17315050.000000
468.000197,1,452778,462858,10029,233866.093750,23621322.000000
469.000197,0,332253,342336,10027,234479.500000,17360550.000000
469.000197,1,453770,463865,10037,234366.093750,23672048.000000
470.000197,0,333234,343324,10032,234979.500000,17411020.000000
470.000197,1,454731,464833,10045,234866.093750,23721432.000000
471.000197,0,334295,344408,10046,235479.500000,17468000.000000
471.000197,1,455653,465770,10060,235366.093750,23771040.000000
472.000197,0,335311,345431,10063,235979.500000,17522498.000000
472.000197,1,456621,466747,10074,235866.093750,23822948.000000
473.000197,0,336284,346418,10080,236479.500000,17574066.000000
473.000197,1,457631,467775,10082,236366.093750,23876776.000000
474.000197,0,337202,347363,10101,236979.500000,17623050.000000
474.000197,1,458680,468842,10098,236866.093750,23932640.000000
475.000197,0,338095,348266,10122,237479.500000,17671052.000000
475.000197,1,459767,469948,10116,237366.093750,23990986.000000
476.000197,0,338993,349182,10135,237979.500000,17718800.000000
476.000197,1,460843,471051,10144,237866.093750,24048430.000000
477.000197,0,339915,350156,10189,238479.500000,17768560.000000
477.000197,1,461888,472120,10173,238366.093750,24104780.000000
478.000197,0,340848,351099,10198,238979.500000,17816648.000000
478.000197,1,462896,473139,10183,238866.093750,24156910.000000
479.000197,0,341736,351994,10207,239479.500000,17863090.000000
479.000197,1,463964,474221,10197,239366.093750,24212484.000000
480.000197,0,342713,352997,10227,239979.500000,17914904.000000
480.000197,1,464956,475218,10207,239866.093750,24265052.000000
481.000197,0,343701,353989,10236,240479.500000,17965928.000000
481.000197,1,465902,476172,10216,240366.093750,24313720.000000
482.000197,0,344661,354969,10249,240979.500000,18015020.000000
482.000197,1,466833,477109,10223,240866.093750,24361342.000000
483.000197,0,345687,356024,10283,241479.500000,18070942.000000
483.000197,1,467789,478113,10263,241366.093750,24413608.000000
484.000197,0,346633,356978,10296,241979.500000,18120554.000000
484.000197,1,468804,479136,10276,241866.093750,24466846.000000
485.000197,0,347604,357952,10302,242479.500000,18170520.000000
485.000197,1,469770,480109,10281,242366.093750,24516702.000000
486.000197,0,348508,358896,10327,242979.500000,18218944.000000
486.000197,1,470827,481203,10315,242866.093750,24573274.000000
487.000197,0,349450,359851,10350,243479.500000,18269384.000000
487.000197,1,471869,482266,10342,243366.093750,24629162.000000
488.000197,0,350412,360823,10363,243979.500000,18319182.000000
488.000197,1,472867,483277,10350,243866.093750,24680908.000000
489.000197,0,351301,361727,10374,244479.500000,18365456.000000
489.000197,1,473931,484350,10362,244366.093750,24736086.000000
490.000197,0,352227,362676,10392,244979.500000,18414758.000000
490.000197,1,474981,485425,10383,244866.093750,24791960.000000
491.000197,0,353165,363643,10432,245479.500000,18465496.000000
491.000197,1,476012,486499,10424,245366.093750,24847918.000000
492.000197,0,354048,364536,10438,245979.500000,18511192.000000
492.000197,1,477086,487580,10434,245866.093750,24903392.000000
493.000197,0,354971,365475,10453,246479.500000,18559316.000000
493.000197,1,478133,488631,10439,246366.093750,24957990.000000
494.000197,0,355956,366473,10460,246979.500000,18610372.000000
494.000197,1,479113,489613,10447,246866.093750,25008710.000000
495.000197,0,356904,367431,10476,247479.500000,18659586.000000
495.000197,1,480120,490639,10457,247366.093750,25061218.000000
496.000197,0,357729,368305,10528,247979.500000,18704458.000000
496.000197,1,481275,491833,10488,247866.093750,25124096.000000
497.000197,0,358549,369159,10568,248479.500000,18749076.000000
497.000197,1,482425,493014,10525,248366.093750,25186730.000000
498.000197,0,359296,369913,10575,248979.500000,18787156.000000
498.000197,1,483549,494152,10540,248866.093750,25243968.000000
499.000197,0,360131,370763,10582,249479.500000,18831144.000000
499.000197,1,484686,495302,10551,249366.093750,25304036.000000
500.000197,0,360967,371616,10606,249979.500000,18876016.000000
500.000197,1,485821,496461,10576,249866.093750,25365098.000000
501.000197,0,361741,372395,10612,250479.500000,18915748.000000
501.000197,1,486970,497620,10587,250366.093750,25424144.000000
502.000197,0,362516,373174,10617,250979.500000,18955338.000000
502.000197,1,488076,498732,10598,250866.093750,25480738.000000
503.000197,0,363324,374011,10634,251479.500000,18997560.000000
503.000197,1,489188,499872,10610,251366.093750,25538728.000000
504.000197,0,364092,374814,10682,251979.500000,19039360.000000
504.000197,1,490401,501133,10668,251866.093750,25604898.000000
505.000197,0,364727,375450,10689,252479.500000,19071588.000000
505.000197,1,491565,502316,10678,252366.093750,25664376.000000
506.000197,0,365307,376039,10698,252979.500000,19101798.000000
506.000197,1,492947,503719,10686,252866.093750,25736324.000000
507.000197,0,365923,376721,10752,253479.500000,19135526.000000
507.000197,1,494298,505133,10753,253366.093750,25810186.000000
508.000197,0,366578,377403,10790,253979.500000,19169816.000000
508.000197,1,495521,506386,10796,253866.093750,25874280.000000
509.000197,0,367207,378033,10796,254479.500000,19201764.000000
509.000197,1,496669,507549,10809,254366.093750,25932890.000000
510.000197,0,367667,378495,10799,254979.500000,19225210.000000
510.000197,1,497998,508894,10824,254866.093750,26000586.000000
511.000197,0,368124,378955,10803,255479.500000,19248610.000000
511.000197,1,499436,510348,10830,255366.093750,26074006.000000
512.000197,0,368659,379510,10823,255979.500000,19277300.000000
512.000197,1,500881,511827,10863,255866.093750,26151426.000000
513.000197,0,369210,380070,10827,256479.500000,19306064.000000
513.000197,1,502290,513246,10880,256366.093750,26224824.000000
514.000197,0,369667,380524,10832,256979.500000,19329688.000000
514.000197,1,503743,514718,10895,256866.093750,26299664.000000
515.000197,0,370180,381063,10854,257479.500000,19356930.000000
515.000197,1,505170,516176,10933,257366.093750,26375282.000000
516.000197,0,370787,381684,10859,257979.500000,19387994.000000
516.000197,1,506491,517515,10944,257866.093750,26443152.000000
517.000197,0,371365,382266,10873,258479.500000,19419304.000000
517.000197,1,507886,518951,10982,258366.093750,26518646.000000
518.000197,0,371851,382763,10887,258979.500000,19445260.000000
518.000197,1,509385,520483,11011,258866.093750,26598766.000000
519.000197,0,372141,383044,10892,259479.500000,19460096.000000
519.000197,1,510933,522042,11026,259366.093750,26677896.000000
520.000197,0,372302,383206,10895,259979.500000,19468296.000000
520.000197,1,512584,523720,11039,259866.093750,26761932.000000
521.000197,0,372514,383437,10906,260479.500000,19479588.000000
521.000197,1,514318,525485,11078,260366.093750,26853650.000000
522.000197,0,372776,383700,10907,260979.500000,19493048.000000
522.000197,1,515972,527152,11090,260866.093750,26938318.000000
523.000197,0,373019,383942,10908,261479.500000,19505506.000000
523.000197,1,517650,528861,11108,261366.093750,27024456.000000
524.000197,0,373289,384231,10923,261979.500000,19520180.000000
524.000197,1,519355,530608,11159,261866.093750,27117168.000000
525.000197,0,373612,384573,10934,262479.500000,19537474.000000
525.000197,1,521015,532296,11190,262366.093750,27206026.000000
526.000697,0,373969,384923,10939,262979.750000,19556166.000000
526.000697,1,522596,533892,11211,262866.343750,27288832.000000
527.000197,0,374207,385164,10943,263479.500000,19568308.000000
527.000197,1,524228,535547,11232,263366.093750,27371994.000000
528.000197,0,374429,385395,10947,263979.500000,19579708.000000
528.000197,1,525899,537241,11251,263866.093750,27457426.000000
529.000197,0,374697,385665,10950,264479.500000,19593568.000000
529.000197,1,527568,538943,11277,264366.093750,27543746.000000
530.000197,0,374963,385932,10952,264979.500000,19607416.000000
530.000197,1,529246,540628,11290,264866.093750,27631180.000000
531.000197,0,375179,386146,10956,265479.500000,19618806.000000
531.000197,1,530996,542406,11312,265366.093750,27722860.000000
532.000197,0,375298,386263,10957,265979.500000,19624892.000000
532.000197,1,532787,544216,11330,265866.093750,27814342.000000
533.000197,0,375344,386306,10958,266479.500000,19627254.000000
533.000197,1,534666,546122,11347,266366.093750,27910976.000000
534.000197,0,375349,386313,10958,266979.500000,19627510.000000
534.000197,1,536613,548100,11385,266866.093750,28013928.000000
535.000197,0,375374,386337,10958,267479.500000,19628794.000000
535.000197,1,538510,550020,11406,267366.093750,28111188.000000
536.000197,0,375383,386346,10958,267979.500000,19629252.000000
536.000197,1,540448,551982,11419,267866.093750,28211568.000000
537.000197,0,375408,386373,10958,268479.500000,19630524.000000
537.000197,1,542328,553876,11450,268366.093750,28309036.000000
538.000197,0,375438,386404,10958,268979.500000,19632056.000000
538.000197,1,544165,555736,11468,268866.093750,28402660.000000
539.000197,0,375474,386439,10958,269479.500000,19633940.000000
539.000197,1,546074,557676,11488,269366.093750,28502454.000000
540.000197,0,375510,386476,10958,269979.500000,19635848.000000
540.000197,1,548023,559637,11507,269866.093750,28606224.000000
541.000197,0,375544,386511,10960,270479.500000,19637626.000000
541.000197,1,549973,561603,11520,270366.093750,28708288.000000
542.000197,0,375574,386540,10960,270979.500000,19639228.000000
542.000197,1,551921,563571,11546,270866.093750,28811904.000000
543.000197,0,375599,386566,10960,271479.500000,19640516.000000
543.000197,1,553846,565528,11568,271366.093750,28911128.000000
544.000197,0,375632,386599,10960,271979.500000,19642288.000000
544.000197,1,555770,567465,11601,271866.093750,29014142.000000
545.000197,0,375667,386635,10960,272479.500000,19644126.000000
545.000197,1,557639,569385,11630,272366.093750,29111662.000000
546.000197,0,375708,386675,10961,272979.500000,19646258.000000
546.000197,1,559490,571268,11673,272866.093750,29208124.000000
547.000197,0,375739,386707,10961,273479.500000,19647906.000000
547.000197,1,561436,573248,11709,273366.093750,29311708.000000
548.000197,0,375820,386797,10966,273979.500000,19652240.000000
548.000197,1,563323,575157,11731,273866.093750,29411534.000000
549.000197,0,375924,386901,10967,274479.500000,19657576.000000
549.000197,1,565150,576996,11749,274366.093750,29505210.000000
550.000197,0,375986,386962,10967,274979.500000,19660800.000000
550.000197,1,567033,578914,11771,274866.093750,29603468.000000
551.000197,0,376033,387007,10968,275479.500000,19663296.000000
551.000197,1,568955,580844,11788,275366.093750,29704924.000000
552.000197,0,376112,387093,10969,275979.500000,19667476.000000
552.000197,1,570853,582763,11811,275866.093750,29805332.000000
553.000197,0,376217,387193,10969,276479.500000,19672816.000000
553.000197,1,572610,584536,11827,276366.093750,29894914.000000
554.000197,0,376240,387216,10969,276979.500000,19674012.000000
554.000197,1,574527,586504,11859,276866.093750,29995030.000000
555.000197,0,376293,387278,10972,277479.500000,19676728.000000
555.000197,1,576351,588337,11893,277366.093750,30088938.000000
556.000197,0,376373,387354,10972,277979.500000,19680820.000000
556.000197,1,578175,590190,11917,277866.093750,30182398.000000
557.000197,0,376468,387449,10972,278479.500000,19685790.000000
557.000197,1,580038,592073,11934,278366.093750,30279282.000000
558.000197,0,376528,387508,10973,278979.500000,19688846.000000
558.000197,1,581892,593940,11948,278866.093750,30373634.000000
559.000197,0,376583,387566,10975,279479.500000,19691736.000000
559.000197,1,583773,595858,11974,279366.093750,30472020.000000
560.000197,0,376720,387719,10981,279979.500000,19699176.000000
560.000197,1,585620,597724,12003,279866.093750,30572134.000000
561.000197,0,377035,388056,10991,280479.500000,19715704.000000
561.000197,1,587259,599373,12020,280366.093750,30658052.000000
562.000197,0,377436,388467,11004,280979.500000,19736778.000000
562.000197,1,588818,600954,12049,280866.093750,30739910.000000
563.000197,0,377838,388872,11010,281479.500000,19757514.000000
563.000197,1,590373,602519,12063,281366.093750,30820132.000000
564.000197,0,378277,389314,11013,281979.500000,19780166.000000
564.000197,1,591866,604026,12078,281866.093750,30896986.000000
565.000197,0,378633,389670,11013,282479.500000,19798490.000000
565.000197,1,593407,605593,12094,282366.093750,30976744.000000
566.000197,0,379061,390112,11025,282979.500000,19820992.000000
566.000197,1,594883,607077,12120,282866.093750,31054358.000000
567.000197,0,379493,390553,11030,283479.500000,19842980.000000
567.000197,1,596275,608486,12134,283366.093750,31125418.000000
568.000197,0,379926,390989,11034,283979.500000,19865124.000000
568.000197,1,597738,609975,12151,283866.093750,31200144.000000
569.000197,0,380442,391536,11059,284479.500000,19893386.000000
569.000197,1,599208,611541,12242,284366.093750,31280774.000000
570.000197,0,380935,392022,11065,284979.500000,19919360.000000
570.000197,1,600665,613024,12283,284866.093750,31357650.000000
571.000197,0,381273,392358,11065,285479.500000,19936534.000000
571.000197,1,602050,614422,12293,285366.093750,31428000.000000
572.000197,0,381583,392678,11068,285979.500000,19952312.000000
572.000197,1,603582,615977,12313,285866.093750,31506274.000000
573.000197,0,381975,393075,11077,286479.500000,19973258.000000
573.000197,1,605164,617587,12336,286366.093750,31590602.000000
574.000197,0,382330,393442,11081,286979.500000,19991784.000000
574.000197,1,606768,619239,12374,286866.093750,31674162.000000
575.000197,0,382724,393844,11093,287479.500000,20013094.000000
575.000197,1,608361,620853,12404,287366.093750,31760428.000000
576.000197,0,383156,394276,11099,287979.500000,20035846.000000
576.000197,1,609866,622359,12421,287866.093750,31839392.000000
577.000197,0,383528,394663,11104,288479.500000,20054754.000000
577.000197,1,611198,623707,12435,288366.093750,31906980.000000
578.000197,0,383963,395097,11110,288979.500000,20077180.000000
578.000197,1,612697,625232,12451,288866.093750,31984206.000000
579.000197,0,384316,395455,11115,289479.500000,20095432.000000
579.000197,1,614292,626844,12468,289366.093750,32066512.000000
580.000197,0,384716,395870,11126,289979.500000,20116422.000000
580.000197,1,615832,628431,12512,289866.093750,32147256.000000
581.000197,0,385144,396304,11129,290479.500000,20138662.000000
581.000197,1,617334,629955,12535,290366.093750,32225054.000000
582.000197,0,385573,396734,11135,290979.500000,20160984.000000
582.000197,1,618857,631494,12552,290866.093750,32304184.000000
583.000197,0,385986,397157,11145,291479.500000,20182828.000000
583.000197,1,620411,633080,12574,291366.093750,32386546.000000
584.000197,0,386415,397619,11172,291979.500000,20205752.000000
584.000197,1,621961,634656,12607,291866.093750,32469738.000000
585.000197,0,386867,398075,11181,292479.500000,20230226.000000
585.000197,1,623493,636216,12636,292366.093750,32552712.000000
586.000197,0,387288,398491,11181,292979.500000,20251820.000000
586.000197,1,625009,637733,12644,292866.093750,32630604.000000
587.000197,0,387547,398746,11185,293479.500000,20265010.000000
587.000197,1,626515,639263,12660,293366.093750,32707012.000000
588.000197,0,387706,398907,11187,293979.500000,20273108.000000
588.000197,1,628103,640864,12673,293866.093750,32787712.000000
589.000197,0,387932,399146,11191,294479.500000,20284824.000000
589.000197,1,629745,642525,12687,294366.093750,32872212.000000
590.000197,0,388315,399540,11199,294979.500000,20304734.000000
590.000197,1,631241,644028,12713,294866.093750,32950056.000000
591.000197,0,388803,400049,11208,295479.500000,20330042.000000
591.000197,1,632663,645475,12724,295366.093750,33023920.000000
592.000197,0,389319,400584,11235,295979.500000,20357954.000000
592.000197,1,634120,646987,12777,295866.093750,33102952.000000
593.000197,0,389745,401020,11252,296479.500000,20380960.000000
593.000197,1,635664,648561,12819,296366.093750,33186328.000000
594.000197,0,390115,401391,11254,296979.500000,20399740.000000
594.000197,1,637129,650052,12837,296866.093750,33260994.000000
595.000197,0,390543,401843,11269,297479.500000,20422708.000000
595.000197,1,638665,651623,12883,297366.093750,33343416.000000
596.000197,0,390971,402276,11272,297979.500000,20444552.000000
596.000197,1,640123,653102,12896,297866.093750,33417954.000000
597.000197,0,391441,402778,11304,298479.500000,20470234.000000
597.000197,1,641632,654652,12936,298366.093750,33500204.000000
598.000197,0,391942,403283,11312,298979.500000,20496988.000000
598.000197,1,643067,656122,12982,298866.093750,33576600.000000
599.000197,0,392462,403818,11319,299479.500000,20523450.000000
599.000197,1,644377,657459,13002,299366.093750,33643476.000000
